-0.687199
-0.687431
-0.687662
-0.687891
-0.68812
-0.688347
-0.688572
-0.688795
-0.689015
-0.689233
-0.689447
-0.689658
-0.689865
-0.690067
-0.690265
-0.690459
-0.690648
-0.690831
-0.69101
-0.691182
-0.691348
-0.691508
-0.691661
-0.691807
-0.691947
-0.692079
-0.692205
-0.692323
-0.692435
-0.692539
-0.692635
-0.692724
-0.692805
-0.692879
-0.692946
-0.693005
-0.693057
-0.693102
-0.69314
-0.693171
-0.693196
-0.693214
-0.693226
-0.693232
-0.693234
-0.693231
-0.693224
-0.693213
-0.693199
-0.693181
-0.693161
-0.693139
-0.693114
-0.693088
-0.693061
-0.693033
-0.693004
-0.692974
-0.692944
-0.692913
-0.69288
-0.692848
-0.692815
-0.692781
-0.692747
-0.692713
-0.692678
-0.692642
-0.692606
-0.692568
-0.692531
-0.692492
-0.692453
-0.692414
-0.692375
-0.692335
-0.692294
-0.692252
-0.69221
-0.692166
-0.692122
-0.692077
-0.692031
-0.691985
-0.691938
-0.691891
-0.691843
-0.691796
-0.691748
-0.6917
-0.691652
-0.691604
-0.691558
-0.691512
-0.691468
-0.691425
-0.691383
-0.691342
-0.691304
-0.691267
-0.691233
-0.691202
-0.691173
-0.691148
-0.691125
-0.691105
-0.691088
-0.691075
-0.691064
-0.691058
-0.691055
-0.691056
-0.69106
-0.691069
-0.691081
-0.691096
-0.691115
-0.691136
-0.691159
-0.691185
-0.691213
-0.691243
-0.691274
-0.691307
-0.69134
-0.691374
-0.691408
-0.691441
-0.691475
-0.691507
-0.691539
-0.691569
-0.691598
-0.691624
-0.691649
-0.69167
-0.691688
-0.691703
-0.691715
-0.691722
-0.691726
-0.691726
-0.691722
-0.691712
-0.691699
-0.69168
-0.691657
-0.69163
-0.691598
-0.691563
-0.691525
-0.691483
-0.691438
-0.69139
-0.69134
-0.691288
-0.691234
-0.691179
-0.691123
-0.691067
-0.69101
-0.690954
-0.690897
-0.690841
-0.690786
-0.690732
-0.690679
-0.690629
-0.690581
-0.690535
-0.690492
-0.690452
-0.690414
-0.690379
-0.690347
-0.690318
-0.690293
-0.69027
-0.690251
-0.690236
-0.690223
-0.690214
-0.690207
-0.690203
-0.690201
-0.690201
-0.690204
-0.69021
-0.690217
-0.690227
-0.690238
-0.690251
-0.690265
-0.690281
-0.690298
-0.690317
-0.690337
-0.690359
-0.690381
-0.690405
-0.690428
-0.690452
-0.690477
-0.690501
-0.690525
-0.690549
-0.690573
-0.690597
-0.690621
-0.690643
-0.690665
-0.690686
-0.690706
-0.690724
-0.690742
-0.690758
-0.690773
-0.690787
-0.690799
-0.69081
-0.69082
-0.690827
-0.690833
-0.690838
-0.69084
-0.690842
-0.690842
-0.690841
-0.690839
-0.690835
-0.69083
-0.690824
-0.690818
-0.690811
-0.690804
-0.690798
-0.690791
-0.690785
-0.690779
-0.690773
-0.690768
-0.690763
-0.690758
-0.690755
-0.690752
-0.69075
-0.690748
-0.690747
-0.690747
-0.690748
-0.690749
-0.690751
-0.690753
-0.690757
-0.690762
-0.690767
-0.690774
-0.690781
-0.690789
-0.690798
-0.690807
-0.690817
-0.690827
-0.690838
-0.690849
-0.69086
-0.690872
-0.690882
-0.690893
-0.690902
-0.690911
-0.69092
-0.690927
-0.690934
-0.690941
-0.690946
-0.690951
-0.690955
-0.690958
-0.69096
-0.690961
-0.690962
-0.690962
-0.690962
-0.690962
-0.690961
-0.690961
-0.69096
-0.69096
-0.69096
-0.69096
-0.690962
-0.690965
-0.690969
-0.690973
-0.690979
-0.690986
-0.690994
-0.691003
-0.691014
-0.691025
-0.691039
-0.691054
-0.69107
-0.691087
-0.691106
-0.691125
-0.691145
-0.691165
-0.691187
-0.691209
-0.691231
-0.691255
-0.691278
-0.691301
-0.691325
-0.691347
-0.69137
-0.691392
-0.691413
-0.691434
-0.691454
-0.691472
-0.69149
-0.691505
-0.691519
-0.691532
-0.691542
-0.691551
-0.691558
-0.691563
-0.691567
-0.69157
-0.691571
-0.69157
-0.691569
-0.691566
-0.691563
-0.69156
-0.691557
-0.691555
-0.691553
-0.691552
-0.691552
-0.691553
-0.691556
-0.691559
-0.691564
-0.69157
-0.691577
-0.691587
-0.691597
-0.691608
-0.691621
-0.691634
-0.691648
-0.691663
-0.691678
-0.691694
-0.691711
-0.691727
-0.691744
-0.691759
-0.691774
-0.691787
-0.691799
-0.69181
-0.691819
-0.691826
-0.69183
-0.691832
-0.691831
-0.691827
-0.691819
-0.691807
-0.691792
-0.691773
-0.69175
-0.691724
-0.691694
-0.691661
-0.691625
-0.691586
-0.691545
-0.691501
-0.691457
-0.691411
-0.691365
-0.691319
-0.691273
-0.691228
-0.691185
-0.691143
-0.691103
-0.691066
-0.691032
-0.691001
-0.690975
-0.690953
-0.690934
-0.69092
-0.69091
-0.690905
-0.690903
-0.690906
-0.690914
-0.690925
-0.69094
-0.690959
-0.690981
-0.691006
-0.691033
-0.691063
-0.691095
-0.691129
-0.691164
-0.6912
-0.691237
-0.691274
-0.691311
-0.691347
-0.691382
-0.691415
-0.691447
-0.691477
-0.691505
-0.69153
-0.691553
-0.691572
-0.691588
-0.691601
-0.691611
-0.691617
-0.69162
-0.69162
-0.691618
-0.691614
-0.691607
-0.691599
-0.691588
-0.691576
-0.691563
-0.691548
-0.691534
-0.691518
-0.691503
-0.691488
-0.691472
-0.691457
-0.691442
-0.691428
-0.691415
-0.691402
-0.691391
-0.69138
-0.691371
-0.691362
-0.691354
-0.691347
-0.69134
-0.691333
-0.691328
-0.691323
-0.691319
-0.691315
-0.691311
-0.691308
-0.691304
-0.6913
-0.691296
-0.691291
-0.691285
-0.691278
-0.691271
-0.691262
-0.691252
-0.69124
-0.691226
-0.691211
-0.691194
-0.691175
-0.691155
-0.691133
-0.691109
-0.691084
-0.691058
-0.69103
-0.691001
-0.690971
-0.690941
-0.690911
-0.690881
-0.69085
-0.690821
-0.690792
-0.690764
-0.690737
-0.690711
-0.690687
-0.690664
-0.690644
-0.690627
-0.690612
-0.6906
-0.690591
-0.690586
-0.690583
-0.690585
-0.69059
-0.690598
-0.690611
-0.690627
-0.690648
-0.690671
-0.690699
-0.690729
-0.690763
-0.690799
-0.690839
-0.690881
-0.690925
-0.690971
-0.691019
-0.691067
-0.691116
-0.691165
-0.691214
-0.691262
-0.691309
-0.691355
-0.691399
-0.691442
-0.691482
-0.69152
-0.691554
-0.691586
-0.691614
-0.69164
-0.691662
-0.691681
-0.691696
-0.691709
-0.691718
-0.691724
-0.691727
-0.691727
-0.691725
-0.69172
-0.691714
-0.691705
-0.691695
-0.691684
-0.69167
-0.691656
-0.691641
-0.691625
-0.691608
-0.691592
-0.691575
-0.691559
-0.691543
-0.691527
-0.691511
-0.691495
-0.69148
-0.691464
-0.691448
-0.691432
-0.691416
-0.691399
-0.691381
-0.691363
-0.691343
-0.691322
-0.691299
-0.691275
-0.691249
-0.691221
-0.691192
-0.691159
-0.691125
-0.691087
-0.691047
-0.691005
-0.69096
-0.690913
-0.690863
-0.690812
-0.690759
-0.690704
-0.690647
-0.690589
-0.69053
-0.69047
-0.69041
-0.69035
-0.690292
-0.690234
-0.690178
-0.690123
-0.690071
-0.690021
-0.689973
-0.68993
-0.689889
-0.689853
-0.689821
-0.689794
-0.689772
-0.689754
-0.68974
-0.689732
-0.689729
-0.689732
-0.689739
-0.689752
-0.689769
-0.689792
-0.689818
-0.689849
-0.689884
-0.689922
-0.689963
-0.690008
-0.690056
-0.690106
-0.690158
-0.690211
-0.690265
-0.690319
-0.690372
-0.690425
-0.690477
-0.690527
-0.690575
-0.690621
-0.690664
-0.690703
-0.690738
-0.69077
-0.690798
-0.690823
-0.690844
-0.690861
-0.690875
-0.690886
-0.690894
-0.690899
-0.690902
-0.690903
-0.690903
-0.690902
-0.690901
-0.6909
-0.6909
-0.690901
-0.690903
-0.690906
-0.690911
-0.690919
-0.690929
-0.690941
-0.690957
-0.690976
-0.690998
-0.691024
-0.691053
-0.691085
-0.69112
-0.691159
-0.691202
-0.691247
-0.691295
-0.691346
-0.691399
-0.691453
-0.691509
-0.691566
-0.691623
-0.691681
-0.691738
-0.691794
-0.69185
-0.691904
-0.691956
-0.692006
-0.692052
-0.692096
-0.692136
-0.692173
-0.692207
-0.692237
-0.692264
-0.692288
-0.692308
-0.692325
-0.692338
-0.692349
-0.692357
-0.692363
-0.692367
-0.69237
-0.692372
-0.692373
-0.692373
-0.692373
-0.692374
-0.692375
-0.692377
-0.692381
-0.692386
-0.692394
-0.692404
-0.692417
-0.692432
-0.69245
-0.692471
-0.692496
-0.692523
-0.692555
-0.69259
-0.692628
-0.69267
-0.692715
-0.692762
-0.692812
-0.692864
-0.692918
-0.692973
-0.69303
-0.693088
-0.693145
-0.693202
-0.693258
-0.693312
-0.693365
-0.693415
-0.693462
-0.693505
-0.693545
-0.69358
-0.69361
-0.693634
-0.693653
-0.693666
-0.693673
-0.693673
-0.693668
-0.693656
-0.693638
-0.693613
-0.693583
-0.693546
-0.693504
-0.693456
-0.693404
-0.693346
-0.693285
-0.69322
-0.693152
-0.693082
-0.693009
-0.692935
-0.692859
-0.692784
-0.692708
-0.692634
-0.69256
-0.692488
-0.692419
-0.692351
-0.692287
-0.692225
-0.692166
-0.692112
-0.692061
-0.692015
-0.691973
-0.691935
-0.691901
-0.691872
-0.691847
-0.691826
-0.691808
-0.691795
-0.691786
-0.69178
-0.691779
-0.69178
-0.691784
-0.69179
-0.691799
-0.69181
-0.691822
-0.691836
-0.691851
-0.691867
-0.691883
-0.691899
-0.691916
-0.691931
-0.691946
-0.69196
-0.691973
-0.691985
-0.691995
-0.692004
-0.692011
-0.692016
-0.69202
-0.692021
-0.692021
-0.692019
-0.692016
-0.692012
-0.692007
-0.692001
-0.691994
-0.691987
-0.69198
-0.691973
-0.691966
-0.69196
-0.691954
-0.691949
-0.691946
-0.691943
-0.691942
-0.691942
-0.691943
-0.691946
-0.69195
-0.691955
-0.691963
-0.691972
-0.691982
-0.691994
-0.692007
-0.692021
-0.692035
-0.692051
-0.692068
-0.692086
-0.692105
-0.692123
-0.692142
-0.692161
-0.692179
-0.692197
-0.692214
-0.69223
-0.692245
-0.692259
-0.692273
-0.692285
-0.692297
-0.692307
-0.692317
-0.692326
-0.692334
-0.692342
-0.69235
-0.692358
-0.692366
-0.692374
-0.692383
-0.692391
-0.6924
-0.69241
-0.69242
-0.692432
-0.692445
-0.692459
-0.692474
-0.69249
-0.692507
-0.692525
-0.692544
-0.692565
-0.692586
-0.692609
-0.692633
-0.692657
-0.692682
-0.692707
-0.692732
-0.692757
-0.692782
-0.692805
-0.692828
-0.69285
-0.69287
-0.69289
-0.692907
-0.692922
-0.692935
-0.692945
-0.692953
-0.692959
-0.692961
-0.692961
-0.692958
-0.692952
-0.692943
-0.692931
-0.692915
-0.692897
-0.692875
-0.692851
-0.692825
-0.692796
-0.692765
-0.692732
-0.692696
-0.692659
-0.692621
-0.692582
-0.692541
-0.6925
-0.692459
-0.692417
-0.692376
-0.692335
-0.692294
-0.692253
-0.692213
-0.692173
-0.692134
-0.692097
-0.69206
-0.692024
-0.691988
-0.691954
-0.69192
-0.691888
-0.691856
-0.691826
-0.691798
-0.691771
-0.691746
-0.691722
-0.691701
-0.69168
-0.691662
-0.691646
-0.691632
-0.691619
-0.691609
-0.691601
-0.691595
-0.691591
-0.691588
-0.691588
-0.691588
-0.69159
-0.691593
-0.691598
-0.691604
-0.691611
-0.69162
-0.691629
-0.691639
-0.691649
-0.691661
-0.691674
-0.691688
-0.691702
-0.691717
-0.691734
-0.691751
-0.691768
-0.691785
-0.691803
-0.691821
-0.69184
-0.691858
-0.691877
-0.691895
-0.691913
-0.69193
-0.691947
-0.691962
-0.691976
-0.69199
-0.692002
-0.692013
-0.692022
-0.69203
-0.692037
-0.692042
-0.692045
-0.692047
-0.692048
-0.692047
-0.692045
-0.692042
-0.692038
-0.692034
-0.692028
-0.692022
-0.692015
-0.692007
-0.691999
-0.691992
-0.691984
-0.691977
-0.691969
-0.691962
-0.691956
-0.691949
-0.691943
-0.691937
-0.691932
-0.691928
-0.691924
-0.691922
-0.691921
-0.691921
-0.691922
-0.691924
-0.691928
-0.691933
-0.691939
-0.691946
-0.691955
-0.691965
-0.691976
-0.691987
-0.691999
-0.692011
-0.692023
-0.692035
-0.692047
-0.692059
-0.69207
-0.692081
-0.69209
-0.692099
-0.692106
-0.692113
-0.692119
-0.692124
-0.692128
-0.692131
-0.692134
-0.692136
-0.692138
-0.692139
-0.692139
-0.692138
-0.692137
-0.692136
-0.692133
-0.69213
-0.692127
-0.692122
-0.692116
-0.692109
-0.692102
-0.692093
-0.692083
-0.692074
-0.692063
-0.692053
-0.692042
-0.692031
-0.69202
-0.69201
-0.692001
-0.691993
-0.691987
-0.691983
-0.691981
-0.691981
-0.691984
-0.691989
-0.691997
-0.692007
-0.692021
-0.692037
-0.692056
-0.692078
-0.692103
-0.69213
-0.69216
-0.692192
-0.692225
-0.692261
-0.692298
-0.692337
-0.692376
-0.692416
-0.692456
-0.692495
-0.692533
-0.69257
-0.692606
-0.69264
-0.692672
-0.692702
-0.69273
-0.692755
-0.692778
-0.692797
-0.692814
-0.692827
-0.692837
-0.692844
-0.692849
-0.692851
-0.69285
-0.692847
-0.692841
-0.692833
-0.692823
-0.692812
-0.692799
-0.692785
-0.69277
-0.692755
-0.692739
-0.692724
-0.692709
-0.692695
-0.692681
-0.692668
-0.692657
-0.692648
-0.692641
-0.692634
-0.69263
-0.692627
-0.692625
-0.692625
-0.692626
-0.692628
-0.692631
-0.692635
-0.692641
-0.692648
-0.692655
-0.692663
-0.692671
-0.69268
-0.69269
-0.6927
-0.69271
-0.692721
-0.692732
-0.692743
-0.692754
-0.692765
-0.692775
-0.692785
-0.692793
-0.692801
-0.692808
-0.692813
-0.692816
-0.692817
-0.692815
-0.692811
-0.692805
-0.692795
-0.692783
-0.692768
-0.69275
-0.692729
-0.692705
-0.692678
-0.692649
-0.692617
-0.692582
-0.692545
-0.692506
-0.692466
-0.692424
-0.692381
-0.692337
-0.692292
-0.692246
-0.692201
-0.692155
-0.69211
-0.692065
-0.692022
-0.69198
-0.691939
-0.691901
-0.691865
-0.691832
-0.691802
-0.691776
-0.691754
-0.691737
-0.691724
-0.691716
-0.691713
-0.691716
-0.691724
-0.691737
-0.691756
-0.691781
-0.691812
-0.691848
-0.691889
-0.691936
-0.691987
-0.692043
-0.692103
-0.692166
-0.692231
-0.692299
-0.692369
-0.692439
-0.69251
-0.69258
-0.692649
-0.692715
-0.692779
-0.692841
-0.692898
-0.692952
-0.693001
-0.693045
-0.693084
-0.693118
-0.693145
-0.693167
-0.693182
-0.693192
-0.693195
-0.693193
-0.693185
-0.693172
-0.693154
-0.69313
-0.693101
-0.693069
-0.693032
-0.692993
-0.69295
-0.692906
-0.69286
-0.692814
-0.692767
-0.692721
-0.692676
-0.692634
-0.692594
-0.692558
-0.692527
-0.6925
-0.692478
-0.692462
-0.692452
-0.692447
-0.692449
-0.692456
-0.69247
-0.69249
-0.692515
-0.692545
-0.69258
-0.69262
-0.692663
-0.692709
-0.692757
-0.692808
-0.692859
-0.692911
-0.692963
-0.693015
-0.693065
-0.693112
-0.693157
-0.693198
-0.693236
-0.693269
-0.693297
-0.69332
-0.693338
-0.693349
-0.693355
-0.693354
-0.693347
-0.693333
-0.693314
-0.693288
-0.693258
-0.693222
-0.693181
-0.693137
-0.693088
-0.693035
-0.69298
-0.692924
-0.692866
-0.692808
-0.69275
-0.692694
-0.692639
-0.692586
-0.692537
-0.69249
-0.692448
-0.69241
-0.692376
-0.692348
-0.692324
-0.692305
-0.692292
-0.692283
-0.692279
-0.692279
-0.692284
-0.692293
-0.692305
-0.692321
-0.692339
-0.69236
-0.692382
-0.692405
-0.692428
-0.692451
-0.692473
-0.692495
-0.692515
-0.692533
-0.69255
-0.692563
-0.692574
-0.692581
-0.692585
-0.692586
-0.692583
-0.692576
-0.692566
-0.692552
-0.692533
-0.692511
-0.692485
-0.692455
-0.692421
-0.692384
-0.692344
-0.6923
-0.692254
-0.692206
-0.692156
-0.692104
-0.692051
-0.691997
-0.691943
-0.69189
-0.691838
-0.691788
-0.691739
-0.691693
-0.691649
-0.691608
-0.69157
-0.691535
-0.691504
-0.691476
-0.691452
-0.691431
-0.691413
-0.691398
-0.691386
-0.691377
-0.69137
-0.691365
-0.691362
-0.691362
-0.691363
-0.691366
-0.69137
-0.691376
-0.691383
-0.691391
-0.691401
-0.691411
-0.691423
-0.691436
-0.691451
-0.691466
-0.691482
-0.691499
-0.691517
-0.691535
-0.691554
-0.691574
-0.691595
-0.691616
-0.691638
-0.691661
-0.691685
-0.691709
-0.691733
-0.691759
-0.691785
-0.691813
-0.691842
-0.691871
-0.691903
-0.691935
-0.691969
-0.692005
-0.692042
-0.692081
-0.692122
-0.692164
-0.692208
-0.692254
-0.6923
-0.692347
-0.692395
-0.692443
-0.692491
-0.692539
-0.692585
-0.692631
-0.692675
-0.692717
-0.692756
-0.692793
-0.692826
-0.692855
-0.692879
-0.6929
-0.692916
-0.692926
-0.692932
-0.692932
-0.692926
-0.692915
-0.692897
-0.692875
-0.692846
-0.692813
-0.692774
-0.69273
-0.692682
-0.69263
-0.692573
-0.692513
-0.692449
-0.692384
-0.692316
-0.692246
-0.692176
-0.692106
-0.692035
-0.691966
-0.691898
-0.691832
-0.691768
-0.691708
-0.691651
-0.691599
-0.691551
-0.691508
-0.691471
-0.691439
-0.691412
-0.691391
-0.691376
-0.691367
-0.691363
-0.691364
-0.691371
-0.691382
-0.691397
-0.691417
-0.691439
-0.691464
-0.691492
-0.691522
-0.691553
-0.691585
-0.691617
-0.691649
-0.69168
-0.69171
-0.691738
-0.691764
-0.691788
-0.691809
-0.691828
-0.691843
-0.691855
-0.691863
-0.691867
-0.691868
-0.691864
-0.691857
-0.691845
-0.69183
-0.691811
-0.691789
-0.691763
-0.691735
-0.691703
-0.691669
-0.691632
-0.691595
-0.691555
-0.691515
-0.691475
-0.691434
-0.691394
-0.691354
-0.691314
-0.691277
-0.691241
-0.691207
-0.691177
-0.691149
-0.691125
-0.691104
-0.691087
-0.691074
-0.691065
-0.69106
-0.69106
-0.691065
-0.691075
-0.691089
-0.691109
-0.691133
-0.691161
-0.691194
-0.691231
-0.691272
-0.691317
-0.691365
-0.691417
-0.691471
-0.691527
-0.691586
-0.691646
-0.691707
-0.69177
-0.691833
-0.691896
-0.69196
-0.692023
-0.692086
-0.692148
-0.692208
-0.692268
-0.692326
-0.692383
-0.692438
-0.692491
-0.692542
-0.692591
-0.692639
-0.692683
-0.692725
-0.692765
-0.692803
-0.692838
-0.692871
-0.692902
-0.69293
-0.692955
-0.692978
-0.692997
-0.693014
-0.693028
-0.693038
-0.693046
-0.69305
-0.69305
-0.693048
-0.693041
-0.693031
-0.693017
-0.692998
-0.692977
-0.692952
-0.692924
-0.692892
-0.692858
-0.69282
-0.692779
-0.692736
-0.69269
-0.692641
-0.692589
-0.692535
-0.692478
-0.692418
-0.692356
-0.69229
-0.69222
-0.692147
-0.69207
-0.691989
-0.691904
-0.691814
-0.691719
-0.69162
-0.691516
-0.691407
-0.691294
-0.691176
-0.691054
-0.690928
-0.690799
-0.690668
-0.690534
-0.690398
-0.69026
-0.690122
-0.689983
-0.689844
-0.689706
-0.68957
-0.689434
-0.689302
-0.689171
-0.689044
-0.688919
-0.688797
-0.688678
-0.688563
-0.688452
-0.688344
-0.688241
-0.688141
-0.688045
-0.687953
-0.687866
-0.687782
-0.687703
-0.687628
-0.687558
-0.687494
-0.687434
-0.687379
-0.687329
-0.687285
-0.687245
-0.68721
-0.687181
-0.687155
-0.687134
-0.687118
-0.687104
-0.687094
-0.687087
-0.687081
-0.687075
-0.687071
-0.687066
-0.687061
-0.687055
-0.687047
-0.687037
-0.687025
-0.687011
-0.686995
-0.686977
-0.686956
-0.686934
-0.686911
-0.686886
-0.686861
-0.686836
-0.68681
-0.686785
-0.68676
-0.686736
-0.686713
-0.686691
-0.686671
-0.686651
-0.686632
-0.686614
-0.686595
-0.686577
-0.686557
-0.686536
-0.686513
-0.686489
-0.686462
-0.686433
-0.686402
-0.686367
-0.686329
-0.686289
-0.686246
-0.6862
-0.686153
-0.686104
-0.686054
-0.686004
-0.685954
-0.685905
-0.685857
-0.685812
-0.685769
-0.685731
-0.685697
-0.685667
-0.685644
-0.685625
-0.685613
-0.685607
-0.685607
-0.685613
-0.685626
-0.685646
-0.685672
-0.685704
-0.685743
-0.685789
-0.685841
-0.685899
-0.685963
-0.686034
-0.686112
-0.686195
-0.686286
-0.686383
-0.686487
-0.686598
-0.686715
-0.686838
-0.686968
-0.687103
-0.687245
-0.687393
-0.687546
-0.687703
-0.687865
-0.688031
-0.6882
-0.688372
-0.688547
-0.688723
-0.688902
-0.689082
-0.689263
-0.689445
-0.689628
-0.689811
-0.689995
-0.690179
-0.690364
-0.690549
-0.690736
-0.690923
-0.691112
-0.691301
-0.691492
-0.691683
-0.691875
-0.692068
-0.692262
-0.692456
-0.692652
-0.692847
-0.693042
-0.693237
-0.693431
-0.693625
-0.693818
-0.69401
-0.694201
-0.694391
-0.694581
-0.694769
-0.694956
-0.695142
-0.695326
-0.695508
-0.695689
-0.695867
-0.696044
-0.696219
-0.696391
-0.696561
-0.696727
-0.696889
-0.697046
-0.697199
-0.697346
-0.697487
-0.697621
-0.697748
-0.697867
-0.697978
-0.698079
-0.698171
-0.698252
-0.698324
-0.698385
-0.698436
-0.698476
-0.698506
-0.698526
-0.698536
-0.698535
-0.698524
-0.698505
-0.698476
-0.69844
-0.698396
-0.698344
-0.698286
-0.698222
-0.698151
-0.698075
-0.697994
-0.697907
-0.697816
-0.697721
-0.697621
-0.697517
-0.69741
-0.697299
-0.697184
-0.697066
-0.696945
-0.696823
-0.696698
-0.696571
-0.696443
-0.696315
-0.696186
-0.696057
-0.695928
-0.695799
-0.69567
-0.695543
-0.695418
-0.695293
-0.695171
-0.695049
-0.694929
-0.69481
-0.694692
-0.694575
-0.694458
-0.694343
-0.694228
-0.694114
-0.694001
-0.693888
-0.693776
-0.693664
-0.693553
-0.693442
-0.693332
-0.693223
-0.693115
-0.693008
-0.692902
-0.692796
-0.692692
-0.692588
-0.692486
-0.692385
-0.692285
-0.692187
-0.69209
-0.691995
-0.691901
-0.691809
-0.691718
-0.691629
-0.691542
-0.691457
-0.691375
-0.691295
-0.691219
-0.691146
-0.691077
-0.691012
-0.690951
-0.690894
-0.690842
-0.690795
-0.690754
-0.690717
-0.690686
-0.690659
-0.690638
-0.690622
-0.69061
-0.690602
-0.690599
-0.6906
-0.690604
-0.690612
-0.690622
-0.690634
-0.690648
-0.690664
-0.69068
-0.690698
-0.690716
-0.690735
-0.690754
-0.690773
-0.690791
-0.69081
-0.690828
-0.690846
-0.690863
-0.690881
-0.690898
-0.690915
-0.690932
-0.690949
-0.690966
-0.690983
-0.691
-0.691017
-0.691034
-0.691051
-0.691068
-0.691085
-0.691102
-0.691118
-0.691134
-0.691149
-0.691163
-0.691177
-0.69119
-0.691203
-0.691215
-0.691228
-0.691239
-0.691251
-0.691263
-0.691274
-0.691286
-0.691298
-0.691311
-0.691324
-0.691338
-0.691353
-0.691369
-0.691385
-0.691402
-0.691419
-0.691437
-0.691455
-0.691474
-0.691492
-0.691511
-0.691529
-0.691547
-0.691565
-0.691581
-0.691597
-0.691613
-0.691627
-0.691641
-0.691653
-0.691664
-0.691672
-0.691679
-0.691683
-0.691685
-0.691684
-0.69168
-0.691673
-0.691664
-0.691651
-0.691635
-0.691617
-0.691595
-0.691571
-0.691545
-0.691518
-0.691489
-0.691459
-0.69143
-0.691402
-0.691375
-0.69135
-0.691327
-0.691308
-0.691293
-0.691283
-0.691278
-0.69128
-0.691287
-0.6913
-0.691319
-0.691345
-0.691378
-0.691417
-0.691462
-0.691514
-0.691571
-0.691635
-0.691703
-0.691777
-0.691854
-0.691936
-0.69202
-0.692107
-0.692197
-0.692288
-0.692381
-0.692474
-0.692568
-0.692661
-0.692753
-0.692844
-0.692933
-0.69302
-0.693104
-0.693185
-0.693263
-0.693337
-0.693406
-0.693469
-0.693528
-0.693581
-0.693628
-0.693668
-0.693703
-0.693731
-0.693753
-0.693767
-0.693776
-0.693777
-0.693772
-0.693761
-0.693744
-0.693721
-0.693694
-0.693663
-0.693627
-0.693589
-0.693547
-0.693503
-0.693456
-0.693409
-0.69336
-0.693311
-0.693262
-0.693214
-0.693165
-0.693117
-0.69307
-0.693023
-0.692977
-0.692933
-0.69289
-0.692848
-0.692808
-0.69277
-0.692733
-0.692698
-0.692664
-0.692632
-0.692602
-0.692574
-0.692548
-0.692524
-0.692503
-0.692483
-0.692466
-0.692451
-0.692437
-0.692425
-0.692414
-0.692405
-0.692396
-0.692389
-0.692382
-0.692375
-0.692368
-0.692362
-0.692355
-0.692349
-0.692344
-0.692341
-0.692339
-0.692339
-0.692342
-0.692348
-0.692358
-0.692372
-0.69239
-0.692413
-0.692442
-0.692478
-0.692519
-0.692568
-0.692623
-0.692685
-0.692753
-0.692827
-0.692906
-0.69299
-0.693078
-0.693169
-0.693263
-0.693357
-0.69345
-0.693542
-0.693632
-0.693717
-0.693797
-0.693871
-0.693937
-0.693994
-0.694041
-0.694076
-0.694098
-0.694106
-0.694099
-0.694075
-0.694032
-0.693971
-0.693889
-0.693785
-0.693657
-0.693504
-0.693325
-0.693117
-0.692881
-0.692613
-0.692314
-0.69198
-0.691612
-0.691208
-0.690767
-0.690288
-0.68977
-0.689212
-0.688614
-0.687977
-0.687299
-0.686581
-0.685823
-0.685027
-0.684193
-0.683321
-0.682415
-0.681474
-0.6805
-0.679496
-0.678463
-0.677403
-0.676317
-0.675208
-0.674077
-0.672926
-0.671757
-0.670572
-0.669374
-0.668163
-0.666942
-0.665712
-0.664476
-0.663235
-0.661991
-0.660745
-0.659499
-0.658255
-0.657013
-0.655777
-0.654546
-0.653323
-0.652107
-0.650901
-0.649705
-0.648519
-0.647346
-0.646185
-0.645037
-0.643902
-0.642781
-0.641673
-0.640579
-0.6395
-0.638434
-0.637381
-0.636343
-0.635318
-0.634305
-0.633305
-0.632317
-0.63134
-0.630373
-0.629415
-0.628466
-0.627525
-0.62659
-0.625661
-0.624737
-0.623817
-0.622898
-0.621981
-0.621064
-0.620145
-0.619223
-0.618298
-0.617367
-0.61643
-0.615485
-0.614531
-0.613566
-0.612588
-0.611596
-0.610588
-0.609564
-0.60852
-0.607457
-0.606371
-0.605262
-0.604128
-0.602966
-0.601776
-0.600555
-0.599302
-0.598014
-0.596692
-0.595332
-0.593934
-0.592496
-0.591016
-0.589493
-0.587926
-0.586312
-0.584651
-0.582941
-0.581181
-0.57937
-0.577505
-0.575587
-0.573615
-0.571587
-0.569502
-0.567362
-0.565165
-0.562911
-0.560601
-0.558235
-0.555814
-0.553338
-0.550809
-0.548228
-0.545596
-0.542914
-0.540186
-0.537413
-0.534597
-0.531741
-0.528847
-0.525918
-0.522954
-0.519961
-0.516939
-0.513892
-0.510822
-0.507732
-0.504624
-0.501502
-0.498368
-0.495225
-0.492075
-0.488921
-0.485767
-0.482614
-0.479466
-0.476326
-0.473197
-0.470081
-0.466981
-0.463902
-0.460844
-0.457811
-0.454807
-0.451833
-0.448892
-0.445987
-0.44312
-0.440293
-0.437508
-0.434766
-0.432067
-0.429415
-0.426808
-0.424247
-0.421733
-0.419266
-0.416844
-0.414467
-0.412134
-0.409843
-0.407593
-0.405382
-0.403208
-0.401069
-0.398963
-0.396888
-0.394841
-0.39282
-0.390823
-0.388847
-0.38689
-0.38495
-0.383024
-0.381111
-0.379209
-0.377316
-0.37543
-0.37355
-0.371673
-0.369797
-0.367922
-0.366047
-0.364169
-0.362288
-0.360403
-0.358512
-0.356615
-0.35471
-0.352796
-0.350872
-0.348938
-0.346993
-0.345036
-0.343067
-0.341085
-0.33909
-0.337081
-0.335057
-0.333018
-0.330963
-0.328892
-0.326805
-0.3247
-0.322578
-0.320439
-0.318281
-0.316104
-0.313908
-0.311693
-0.309458
-0.307203
-0.30493
-0.302638
-0.300327
-0.297998
-0.295652
-0.293288
-0.290908
-0.288512
-0.286101
-0.283676
-0.281238
-0.278788
-0.276328
-0.273858
-0.271379
-0.268892
-0.266397
-0.263897
-0.261392
-0.258882
-0.256369
-0.253852
-0.251333
-0.248812
-0.246288
-0.243763
-0.241235
-0.238707
-0.236177
-0.233646
-0.231115
-0.228583
-0.226049
-0.223515
-0.220979
-0.218442
-0.215903
-0.213363
-0.210822
-0.20828
-0.205738
-0.203195
-0.200652
-0.198108
-0.195565
-0.193022
-0.19048
-0.18794
-0.185403
-0.182868
-0.180337
-0.17781
-0.175288
-0.172772
-0.170262
-0.16776
-0.165266
-0.162781
-0.160307
-0.157845
-0.155396
-0.15296
-0.150538
-0.148133
-0.145744
-0.143373
-0.141021
-0.13869
-0.136379
-0.13409
-0.131825
-0.129582
-0.127364
-0.12517
-0.123001
-0.120857
-0.11874
-0.116649
-0.114585
-0.112548
-0.110538
-0.108556
-0.1066
-0.104673
-0.102772
-0.100899
-0.0990541
-0.0972368
-0.0954473
-0.0936855
-0.0919512
-0.0902442
-0.0885645
-0.0869119
-0.0852863
-0.0836878
-0.0821165
-0.0805724
-0.0790556
-0.0775659
-0.0761031
-0.0746669
-0.0732573
-0.0718743
-0.0705179
-0.0691885
-0.0678861
-0.0666108
-0.0653629
-0.0641424
-0.0629492
-0.0617831
-0.0606438
-0.059531
-0.0584447
-0.0573847
-0.0563509
-0.0553429
-0.0543602
-0.0534025
-0.0524691
-0.0515596
-0.0506735
-0.0498105
-0.0489701
-0.0481519
-0.0473556
-0.0465806
-0.0458264
-0.0450923
-0.0443776
-0.0436816
-0.0430038
-0.0423437
-0.0417008
-0.0410743
-0.0404634
-0.0398672
-0.0392847
-0.0387147
-0.038156
-0.0376073
-0.0370675
-0.0365354
-0.0360099
-0.0354898
-0.0349737
-0.0344601
-0.0339476
-0.0334345
-0.0329196
-0.0324013
-0.0318785
-0.0313499
-0.0308144
-0.0302709
-0.0297181
-0.0291549
-0.0285801
-0.0279922
-0.0273903
-0.0267732
-0.0261402
-0.0254904
-0.0248226
-0.0241357
-0.0234285
-0.0226997
-0.0219482
-0.0211728
-0.0203722
-0.0195456
-0.0186922
-0.0178112
-0.0169019
-0.0159633
-0.0149946
-0.0139946
-0.0129624
-0.0118971
-0.010798
-0.00966434
-0.00849558
-0.00729114
-0.00605053
-0.00477327
-0.00345879
-0.00210646
-0.000715667
0.000714078
0.00218311
0.0036917
0.00524025
0.00682931
0.00845953
0.0101316
0.0118462
0.0136039
0.0154054
0.0172513
0.0191419
0.0210774
0.0230578
0.0250832
0.0271538
0.0292697
0.031431
0.0336376
0.0358893
0.0381853
0.0405253
0.0429085
0.0453342
0.0478017
0.0503103
0.0528596
0.0554489
0.0580779
0.0607461
0.0634528
0.0661975
0.0689795
0.0717987
0.0746549
0.0775478
0.0804775
0.0834438
0.0864464
0.0894853
0.0925601
0.0956705
0.0988161
0.101997
0.105212
0.108461
0.111744
0.11506
0.118409
0.121788
0.125197
0.128633
0.132096
0.135584
0.139095
0.142627
0.146178
0.149747
0.15333
0.156927
0.160533
0.164148
0.167767
0.171389
0.175012
0.178632
0.182247
0.185855
0.189452
0.193037
0.196606
0.200157
0.203687
0.207193
0.210675
0.214128
0.217552
0.220943
0.224298
0.227616
0.230895
0.234131
0.237324
0.24047
0.243569
0.24662
0.249619
0.252567
0.255462
0.258302
0.261087
0.263814
0.266485
0.269098
0.271652
0.274148
0.276585
0.278963
0.281282
0.283541
0.285741
0.287882
0.289963
0.291985
0.293949
0.295854
0.297702
0.299491
0.301222
0.302895
0.304511
0.306069
0.307572
0.309019
0.310412
0.31175
0.313036
0.314268
0.315449
0.316579
0.317657
0.318686
0.319667
0.320599
0.321484
0.322324
0.323117
0.323865
0.324569
0.325229
0.325846
0.326421
0.326955
0.327448
0.327901
0.328315
0.328691
0.329028
0.329328
0.329592
0.329821
0.330016
0.330177
0.330307
0.330406
0.330475
0.330516
0.330529
0.330516
0.330477
0.330415
0.330332
0.330228
0.330106
0.329966
0.329811
0.329642
0.32946
0.329266
0.329061
0.328848
0.328626
0.328398
0.328165
0.327926
0.327683
0.327436
0.327186
0.326933
0.326678
0.326421
0.326163
0.325904
0.325644
0.325383
0.325122
0.32486
0.324597
0.324333
0.324069
0.323806
0.323543
0.323281
0.32302
0.32276
0.322501
0.322243
0.321987
0.321732
0.321478
0.321226
0.320976
0.320727
0.32048
0.320232
0.319986
0.319738
0.31949
0.319241
0.31899
0.318738
0.318483
0.318224
0.317962
0.317694
0.317422
0.317145
0.316862
0.316575
0.316284
0.31599
0.315694
0.315397
0.3151
0.314805
0.314514
0.314229
0.313952
0.313686
0.313435
0.3132
0.312984
0.312792
0.312625
0.312486
0.312378
0.312304
0.312268
0.312271
0.312316
0.312406
0.312541
0.312725
0.312959
0.313244
0.313582
0.313973
0.31442
0.314924
0.315486
0.316108
0.316791
0.317538
0.31835
0.319229
0.320178
0.321199
0.322297
0.323473
0.324732
0.326077
0.327511
0.329038
0.33066
0.332382
0.334207
0.336138
0.338177
0.340329
0.342595
0.344977
0.347477
0.350097
0.352838
0.3557
0.358685
0.361793
0.365027
0.368386
0.371872
0.375486
0.379229
0.3831
0.3871
0.391229
0.395488
0.399876
0.404392
0.409038
0.413811
0.418711
0.423737
0.428886
0.434158
0.439548
0.445054
0.450672
0.456399
0.462229
0.468158
0.474179
0.480285
0.48647
0.492726
0.499047
0.505424
0.511851
0.51832
0.524824
0.531357
0.53791
0.544476
0.551049
0.557622
0.564189
0.570742
0.577278
0.58379
0.590273
0.596722
0.603131
0.609495
0.615809
0.622068
0.628267
0.634403
0.64047
0.646465
0.652382
0.658219
0.663969
0.669631
0.6752
0.680673
0.686048
0.691323
0.696499
0.701574
0.706546
0.711417
0.716186
0.720852
0.725417
0.729882
0.734248
0.738519
0.742695
0.746778
0.750771
0.754676
0.758493
0.762223
0.765869
0.769431
0.772911
0.77631
0.779628
0.782866
0.786023
0.789096
0.792084
0.794986
0.7978
0.800523
0.803155
0.805694
0.808139
0.810487
0.812736
0.814883
0.816926
0.818861
0.820688
0.822403
0.824006
0.825495
0.826868
0.828125
0.829265
0.830288
0.831194
0.831987
0.832669
0.833243
0.833716
0.834091
0.834373
0.834568
0.834683
0.834724
0.834703
0.834631
0.834525
0.834403
0.834287
0.834201
0.834171
0.834225
0.834396
0.834719
0.83523
0.835968
0.836974
0.838289
0.839955
0.842012
0.8445
0.847457
0.850919
0.85492
0.859491
0.864661
0.870453
0.876886
0.883971
0.891715
0.900115
0.909162
0.918841
0.929131
0.940006
0.951434
0.963382
0.975812
0.988683
1.00195
1.01558
1.02952
1.04372
1.05815
1.07278
1.08756
1.10246
1.11747
1.13257
1.14773
1.16294
1.17819
1.19347
1.20877
1.2241
1.23944
1.25479
1.27014
1.28549
1.30084
1.31616
1.33144
1.34667
1.36183
1.37689
1.39184
1.40666
1.4213
1.43577
1.45001
1.46402
1.47777
1.49124
1.50442
1.5173
1.52987
1.54214
1.5541
1.56576
1.57715
1.58826
1.59913
1.60976
1.62019
1.63043
1.64051
1.65045
1.66027
1.67
1.67965
1.68923
1.69875
1.70822
1.71765
1.72703
1.73635
1.74563
1.75484
1.76398
1.77305
1.78204
1.79094
1.79974
1.80844
1.81703
1.82553
1.83392
1.84223
1.85046
1.85863
1.86676
1.87485
1.88294
1.89103
1.89915
1.90731
1.91553
1.92384
1.93223
1.94073
1.94934
1.95805
1.96688
1.97581
1.98483
1.99393
2.0031
2.01232
2.02158
2.03085
2.04013
2.0494
2.05863
2.06783
2.07696
2.08604
2.09505
2.10399
2.11287
2.12168
2.13045
2.13917
2.14787
2.15654
2.16521
2.17387
2.18255
2.19126
2.19999
2.20876
2.21757
2.22642
2.23529
2.24419
2.2531
2.26201
2.27091
2.27977
2.28858
2.29732
2.30598
2.31455
2.323
2.33133
2.33953
2.34758
2.35549
2.36325
2.37087
2.37835
2.38571
2.39296
2.4001
2.40715
2.41414
2.42106
2.42793
2.43476
2.44157
2.44835
2.45512
2.46188
2.46863
2.47537
2.48208
2.48875
2.49539
2.50197
2.50848
2.51491
2.52125
2.52749
2.53361
2.53961
2.54548
2.55122
2.55682
2.56228
2.56761
2.57282
2.57792
2.58291
2.58783
2.59267
2.59746
2.6022
2.60692
2.61162
2.6163
2.62099
2.62569
2.6304
2.63513
2.63986
2.64461
2.64937
2.65411
2.65885
2.66355
2.66821
2.67282
2.67736
2.68184
2.68623
2.69055
2.69477
2.69891
2.70295
2.70691
2.71079
2.71459
2.71833
2.722
2.72563
2.72921
2.73275
2.73626
2.73973
2.74315
2.74652
2.74982
2.75304
2.75616
2.75916
2.76201
2.76469
2.76717
2.76943
2.77147
2.77327
2.77483
2.77616
2.77728
2.77821
2.77898
2.77965
2.78026
2.78088
2.78159
2.78248
2.78362
2.78514
2.78711
2.78964
2.79282
2.79671
2.8014
2.80693
2.81335
2.82068
2.82895
2.83814
2.84824
2.85923
2.87104
2.88362
2.89688
2.91073
2.92509
2.93984
2.9549
2.97017
2.98557
3.00103
3.01646
3.03183
3.04708
3.06218
3.07712
3.09188
3.10648
3.12095
3.1353
3.1496
3.16387
3.17817
3.19253
3.207
3.22159
3.23634
3.25125
3.26634
3.28158
3.29698
3.31249
3.32807
3.34368
3.35925
3.37471
3.38999
3.40501
3.41969
3.43398
3.44782
3.46116
3.47395
3.48618
3.49783
3.5089
3.51939
3.52933
3.53875
3.5477
3.55623
3.56442
3.57231
3.57999
3.58752
3.59496
3.60237
3.60979
3.61726
3.62482
3.63248
3.64027
3.64817
3.65618
3.66427
3.67242
3.68057
3.68869
3.69672
3.70462
3.71235
3.71985
3.72712
3.73411
3.74082
3.74724
3.75337
3.75924
3.76485
3.77026
3.77549
3.78061
3.78567
3.79074
3.79588
3.80115
3.80661
3.81232
3.8183
3.8246
3.83125
3.83825
3.84561
3.85333
3.86138
3.86975
3.8784
3.88728
3.89633
3.9055
3.91474
3.92398
3.93317
3.94228
3.95126
3.9601
3.96876
3.97724
3.98553
3.99364
4.00158
4.00938
4.01707
4.0247
4.03231
4.03995
4.04768
4.05555
4.0636
4.07186
4.08036
4.08912
4.09815
4.10745
4.11702
4.12683
4.13688
4.14712
4.15751
4.16801
4.17856
4.18911
4.19958
4.20994
4.22012
4.2301
4.23983
4.24928
4.25845
4.26732
4.27589
4.28416
4.29216
4.2999
4.30742
4.31476
4.32198
4.32912
4.33624
4.34339
4.35061
4.35795
4.36543
4.37309
4.38093
4.38897
4.39721
4.40565
4.41428
4.42308
4.43201
4.44105
4.45015
4.45926
4.46835
4.47736
4.48625
4.49501
4.50359
4.51199
4.52019
4.52818
4.53596
4.54353
4.55092
4.55815
4.56523
4.57222
4.57916
4.58608
4.59305
4.60008
4.60723
4.61451
4.62195
4.62957
4.63737
4.64536
4.65354
4.66189
4.6704
4.67904
4.68778
4.69656
4.70535
4.7141
4.72276
4.73128
4.73962
4.74775
4.75565
4.76328
4.77064
4.7777
4.78448
4.79096
4.79717
4.80312
4.80885
4.81438
4.81977
4.82505
4.83027
4.83548
4.84069
4.84595
4.85129
4.85671
4.86226
4.86793
4.87373
4.87966
4.88571
4.89187
4.8981
4.90437
4.91065
4.91688
4.92303
4.92907
4.93496
4.94067
4.94617
4.95146
4.9565
4.96129
4.96582
4.97009
4.97412
4.97793
4.98155
4.98502
4.98836
4.99164
4.99488
4.99812
5.0014
5.00476
5.00821
5.01179
5.01552
5.01942
5.02349
5.02773
5.03213
5.03669
5.04136
5.04611
5.05092
5.05573
5.06051
5.06523
5.06985
5.07434
5.07867
5.0828
5.08672
5.0904
5.09384
5.09703
5.09998
5.10272
5.10526
5.10763
5.10988
5.11204
5.11414
5.11623
5.11833
5.12049
5.12274
5.12511
5.12762
5.13031
5.13318
5.13624
5.13948
5.14288
5.14644
5.15011
5.15387
5.15769
5.16153
5.16536
5.16915
5.17286
5.17644
5.17987
5.18311
5.18614
5.18893
5.19148
5.19378
5.19585
5.1977
5.19935
5.20082
5.20213
5.20333
5.20443
5.20547
5.20649
5.20752
5.20861
5.20978
5.21105
5.21245
5.21399
5.21568
5.2175
5.21945
5.22153
5.22372
5.226
5.22835
5.23075
5.23318
5.23559
5.23796
5.24025
5.24245
5.24452
5.24646
5.24826
5.24991
5.25143
5.25283
5.25411
5.2553
5.25641
5.25748
5.25853
5.2596
5.26072
5.26194
5.26328
5.26478
5.26647
5.26836
5.27046
5.27279
5.27534
5.27812
5.28111
5.28432
5.28772
5.29129
5.295
5.29882
5.30271
5.30663
5.31054
5.31442
5.31824
5.32197
5.3256
5.3291
5.33248
5.33572
5.33881
5.34177
5.3446
5.34731
5.34994
5.3525
5.35504
5.35757
5.36012
5.36272
5.36539
5.36815
5.37102
5.37401
5.37714
5.38041
5.38383
5.38739
5.39108
5.39488
5.39877
5.40271
5.40668
5.41065
5.41458
5.41846
5.42226
5.42595
5.4295
5.4329
5.43613
5.43917
5.44202
5.44468
5.44715
5.44946
5.45161
5.45363
5.45554
5.45737
5.45913
5.46085
5.46255
5.46427
5.46602
5.46783
5.46973
5.47172
5.47381
5.47601
5.47831
5.48069
5.48314
5.48564
5.48818
5.49073
5.49327
5.49577
5.49821
5.50055
5.50278
5.50486
5.50677
5.50851
5.51006
5.51143
5.51261
5.51362
5.51446
5.51514
5.51568
5.51609
5.51641
5.51666
5.51686
5.51705
5.51727
5.51753
5.51786
5.51827
5.51878
5.51939
5.5201
5.52091
5.52181
5.5228
5.52385
5.52496
5.52607
5.52717
5.52822
5.52917
5.52999
5.53064
5.5311
5.53132
5.53129
5.53098
5.53035
5.5294
5.5281
5.52644
5.52442
5.52204
5.51933
5.51629
5.51297
5.5094
5.5056
5.50163
5.49753
5.49336
5.48917
5.48504
5.48104
5.47724
5.47372
5.47058
5.46787
5.4657
5.46414
5.46327
5.46317
5.46392
5.46561
5.46829
5.47202
5.47687
5.48286
5.49002
5.49838
5.50793
5.51867
5.53057
5.54362
5.55777
5.57295
5.5891
5.60614
5.62397
5.64249
5.66161
5.68121
5.70119
5.72145
5.74188
5.76237
5.78284
5.80317
5.82329
5.84311
5.86258
5.88163
5.90021
5.9183
5.93587
5.95288
5.96934
5.98523
6.00055
6.01531
6.02951
6.04318
6.05632
6.06895
6.08108
6.09271
6.10385
6.11449
6.12463
6.13425
6.14334
6.15188
6.15985
6.16721
6.17395
6.18003
6.1854
6.19005
6.19394
6.19705
6.19936
6.20086
6.20156
6.20145
6.20054
6.19885
6.19641
6.19323
6.18938
6.18488
6.1798
6.17419
6.16812
6.16163
6.1548
6.14767
6.14031
6.13274
6.12504
6.11722
6.10934
6.10142
6.09349
6.08555
6.0776
6.06966
6.0617
6.05372
6.04569
6.03761
6.02945
6.0212
6.01283
6.00432
5.99567
5.98684
5.97785
5.96867
5.95933
5.94983
5.9402
5.93045
5.92063
5.91075
5.90086
5.89099
5.88119
5.87148
5.86193
5.85257
5.84344
5.83458
5.826
5.81775
5.80982
5.80224
5.795
5.7881
5.78152
5.77527
5.76932
5.76363
5.75818
5.75294
5.74787
5.74292
5.73807
5.73328
5.72852
5.72378
5.71903
5.71426
5.70946
5.70461
5.69973
5.69483
5.68991
5.68501
5.68015
5.67536
5.67067
5.66613
5.66175
5.65756
5.65359
5.64987
5.64642
5.64325
5.64038
5.63781
5.63554
5.63356
5.63185
5.63038
5.62913
5.62806
5.62715
5.62635
5.62563
5.62495
5.62427
5.62354
5.62275
5.62184
5.6208
5.61961
5.61826
5.61674
5.61507
5.61324
5.61126
5.60916
5.60695
5.60465
5.6023
5.59993
5.59757
5.59526
5.59302
5.59088
5.58887
5.58699
5.58527
5.5837
5.58229
5.58104
5.57995
5.57899
5.57815
5.5774
5.57671
5.57605
5.57538
5.57467
5.57388
5.57299
5.57198
5.57082
5.56948
5.56797
5.56625
5.56434
5.56223
5.55994
5.55747
5.55486
5.55213
5.54931
5.54642
5.5435
5.54058
5.53769
5.53485
5.53211
5.52948
5.52699
5.52465
5.52248
5.52048
5.51864
5.51696
5.51541
5.51399
5.51267
5.51143
5.51023
5.50905
5.50786
5.50662
5.50531
5.50389
5.50234
5.50065
5.49879
5.49677
5.49458
5.49222
5.48971
5.48704
5.48425
5.48134
5.47835
5.47531
5.47224
5.46919
5.46618
5.46325
5.46042
5.4577
5.45513
5.4527
5.45043
5.44832
5.44638
5.44459
5.44294
5.44142
5.43999
5.43864
5.43732
5.43601
5.43468
5.4333
5.43184
5.43028
5.4286
5.42678
5.42479
5.42263
5.42029
5.41778
5.41512
5.41231
5.40937
5.40634
5.40323
5.40007
5.39689
5.39372
5.39058
5.38752
5.38454
5.38168
5.37896
5.37639
5.37398
5.37174
5.36965
5.3677
5.3659
5.36422
5.36265
5.36116
5.35973
5.35833
5.35693
5.3555
5.35402
5.35244
5.35076
5.34895
5.34702
5.34494
5.34271
5.34034
5.33784
5.3352
5.33245
5.32962
5.32671
5.32376
5.3208
5.31786
5.31496
5.31212
5.30938
5.30674
5.30423
5.30185
5.29963
5.29756
5.29565
5.29389
5.29227
5.29077
5.28937
5.28804
5.28676
5.2855
5.28424
5.28294
5.28159
5.28017
5.27864
5.277
5.27523
5.27331
5.27125
5.26904
5.26669
5.26422
5.26162
5.25892
5.25614
5.25328
5.25036
5.2474
5.24443
5.24146
5.23851
5.23559
5.23272
5.22991
5.22714
5.22443
5.22177
5.21915
5.21658
5.21404
5.21155
5.20909
5.20668
5.20431
5.202
5.19975
5.19759
5.19554
5.19363
5.19189
5.19036
5.18908
5.18808
5.1874
5.18707
5.18713
5.18761
5.18854
5.18995
5.19185
5.19425
5.19716
5.20057
5.20445
5.20878
5.21352
5.21862
5.22403
5.2297
5.23556
5.24155
5.24759
5.25363
5.25959
5.2654
5.27102
5.27637
5.28143
5.28616
5.29053
5.29451
5.2981
5.30128
5.30407
5.30648
5.30851
5.31021
5.3116
5.31272
5.31361
5.31431
5.31486
5.31528
5.31561
5.31586
5.31604
5.31617
5.31624
5.31624
5.31616
5.31596
5.31563
5.3151
5.31435
5.31333
5.31201
5.31033
5.30827
5.30581
5.30292
5.29959
5.29581
5.2916
5.28696
5.28194
5.27656
5.2709
5.26501
5.25897
5.25287
5.24678
5.2408
5.235
5.22946
5.22427
5.21949
5.21518
5.21138
5.20813
5.20545
5.20333
5.20175
5.20069
5.2001
5.19992
5.20011
5.20058
5.20127
5.2021
5.20298
5.20384
5.20459
5.20517
5.2055
5.20553
5.20523
5.20457
5.20354
5.20213
5.20037
5.19827
5.19587
5.19323
5.1904
5.18745
5.18445
5.18148
5.17859
5.17586
5.17333
5.17106
5.16909
5.16743
5.1661
5.1651
5.16444
5.16409
5.16401
5.16417
5.16451
5.16497
5.16549
5.16599
5.1664
5.16667
5.16671
5.16649
5.16594
5.16502
5.16372
5.162
5.15987
5.15734
5.15443
5.15118
5.14765
5.14389
5.13996
5.13593
5.13188
5.12786
5.12395
5.1202
5.11668
5.11344
5.11051
5.10794
5.10573
5.10388
5.1024
5.10124
5.10039
5.09977
5.09936
5.09906
5.09882
5.09855
5.09816
5.09757
5.0967
5.09547
5.0938
5.09165
5.08896
5.0857
5.08187
5.07746
5.0725
5.067
5.06103
5.05463
5.04789
5.0409
5.03374
5.02653
5.01938
5.01239
5.00569
4.99938
4.99357
4.98834
4.98379
4.98001
4.97705
4.97499
4.97386
4.97368
4.97448
4.97625
4.97899
4.98266
4.98725
4.99271
4.99902
5.00612
5.01399
5.02258
5.03184
5.04176
5.05231
5.06347
5.07524
5.08763
5.10067
5.11438
5.1288
5.14399
5.16
5.17689
5.19471
5.21353
5.23341
5.25439
5.27651
5.29981
5.32428
5.34993
5.37672
5.40462
5.43354
5.46339
5.49408
5.52548
5.55744
5.58982
5.62245
5.65516
5.68777
5.72011
5.75201
5.78331
5.81386
5.84352
5.87218
5.89974
5.92612
5.95127
5.97515
5.99775
6.01908
6.03918
6.05807
6.07583
6.09252
6.10823
6.12303
6.13701
6.15024
6.16279
6.17473
6.1861
6.19694
6.20728
6.21712
6.22645
6.23526
6.24349
6.2511
6.25802
6.26418
6.2695
6.2739
6.27731
6.27965
6.28085
6.28086
6.27964
6.27715
6.27338
6.26834
6.26205
6.25457
6.24595
6.23627
6.22563
6.21414
6.2019
6.18903
6.17566
6.16191
6.14789
6.13371
6.11948
6.10528
6.09119
6.07727
6.06354
6.05004
6.03677
6.0237
6.0108
5.99804
5.98534
5.97264
5.95987
5.94694
5.93377
5.92028
5.90637
5.89199
5.87708
5.86159
5.8455
5.8288
5.8115
5.79364
5.77526
5.75643
5.73724
5.71778
5.69818
5.67856
5.65906
5.63982
5.621
5.60274
5.58519
5.56848
5.55275
5.53813
5.52471
5.51259
5.50187
5.4926
5.48483
5.47859
5.47388
5.4707
5.46901
5.46878
5.46994
5.47242
5.47614
5.48101
5.48695
5.49385
5.50163
5.51017
5.51939
5.5292
5.53951
5.55025
5.56135
5.57275
5.58441
5.59629
5.60835
5.62056
5.63291
5.64538
5.65796
5.67064
5.6834
5.69625
5.70917
5.72214
5.73515
5.74816
5.76114
5.77405
5.78684
5.79946
5.81184
5.82393
5.83565
5.84694
5.85773
5.86795
5.87755
5.88646
5.89462
5.90199
5.90854
5.91425
5.91909
5.92307
5.92618
5.92845
5.9299
5.93057
5.93048
5.9297
5.92828
5.92628
5.92375
5.92075
5.91735
5.91359
5.90952
5.90518
5.9006
5.89581
5.89082
5.88563
5.88025
5.87466
5.86885
5.86281
5.85649
5.84988
5.84294
5.83565
5.82797
5.81989
5.81138
5.80244
5.79306
5.78324
5.773
5.76234
5.7513
5.73991
5.7282
5.71623
5.70404
5.69171
5.67927
5.6668
5.65436
5.64198
5.62972
5.61762
5.60572
5.59405
5.58261
5.57144
5.56051
5.54984
5.53939
5.52916
5.51909
5.50917
5.49935
5.4896
5.47986
5.47012
5.46032
5.45045
5.44048
5.43038
5.42016
5.40981
5.39933
5.38875
5.37808
5.36737
5.35666
5.346
5.33543
5.32502
5.31482
5.30489
5.29527
5.28603
5.27721
5.26886
5.261
5.25367
5.24688
5.24065
5.23499
5.22987
5.2253
5.22126
5.21773
5.21468
5.21209
5.20994
5.20818
5.2068
5.20575
5.20502
5.20459
5.20442
5.20451
5.20485
5.20543
5.20624
5.20728
5.20856
5.21007
5.21181
5.21379
5.21601
5.21846
5.22113
5.22402
5.22712
5.23041
5.23386
5.23745
5.24114
5.2449
5.24868
5.25244
5.25614
5.25973
5.26316
5.2664
5.26938
5.27209
5.27447
5.2765
5.27815
5.2794
5.28024
5.28066
5.28067
5.28026
5.27947
5.27829
5.27677
5.2749
5.27273
5.27029
5.26759
5.26467
5.26155
5.25826
5.25482
5.25125
5.24756
5.24375
5.23983
5.23579
5.23162
5.22731
5.22286
5.21823
5.21342
5.2084
5.20317
5.19769
5.19197
5.18599
5.17973
5.17321
5.16641
5.15936
5.15206
5.14452
5.13678
5.12886
5.12078
5.11257
5.10426
5.09588
5.08747
5.07906
5.07067
5.06234
5.05408
5.04591
5.03786
5.02993
5.02212
5.01443
5.00685
4.99937
4.99198
4.98466
4.97739
4.97014
4.96291
4.95566
4.94838
4.94106
4.93368
4.92623
4.91871
4.91112
4.90346
4.89575
4.888
4.88023
4.87246
4.86471
4.857
4.84936
4.84181
4.83439
4.82711
4.81999
4.81306
4.80633
4.79981
4.79351
4.78742
4.78153
4.77584
4.77033
4.76499
4.75978
4.7547
4.74972
4.74481
4.73995
4.73512
4.73029
4.72545
4.72058
4.71568
4.71073
4.70575
4.70072
4.69566
4.69059
4.68551
4.68045
4.67541
4.67044
4.66555
4.66076
4.65609
4.65157
4.6472
4.64301
4.63899
4.63514
4.63148
4.62798
4.62463
4.62144
4.61837
4.61541
4.61253
4.60972
4.60695
4.6042
4.60144
4.59864
4.5958
4.59289
4.58991
4.58684
4.58369
4.58046
4.57715
4.57376
4.57032
4.56683
4.56331
4.55978
4.55625
4.55275
4.54929
4.54589
4.54257
4.53933
4.53618
4.53313
4.53017
4.52731
4.52454
4.52185
4.51923
4.51668
4.51417
4.51171
4.50927
4.50684
4.50442
4.50199
4.49956
4.49713
4.4947
4.49227
4.48987
4.4875
4.48518
4.48293
4.48077
4.47873
4.4768
4.47503
4.47342
4.47198
4.47072
4.46966
4.46878
4.46807
4.46753
4.46715
4.46689
4.46673
4.46665
4.46662
4.4666
4.46656
4.46647
4.46629
4.466
4.46556
4.46495
4.46416
4.46318
4.46199
4.46059
4.45899
4.4572
4.45521
4.45305
4.45074
4.44829
4.44573
4.44307
4.44034
4.43756
4.43475
4.43191
4.42907
4.42622
4.42337
4.42052
4.41766
4.41479
4.41188
4.40892
4.4059
4.4028
4.3996
4.39627
4.3928
4.38916
4.38536
4.38137
4.37719
4.37282
4.36826
4.36352
4.35862
4.35356
4.34837
4.34305
4.33764
4.33216
4.32664
4.32109
4.31555
4.31004
4.30457
4.29916
4.29381
4.28853
4.28333
4.27819
4.27312
4.2681
4.26311
4.25815
4.25318
4.2482
4.24319
4.23812
4.23297
4.22773
4.22239
4.21693
4.21136
4.20568
4.19988
4.19399
4.188
4.18193
4.1758
4.16964
4.16345
4.15728
4.15114
4.14506
4.13905
4.13314
4.12735
4.12167
4.11612
4.1107
4.1054
4.10022
4.09515
4.09018
4.08529
4.08046
4.07568
4.07092
4.06617
4.0614
4.0566
4.05175
4.04685
4.04188
4.03685
4.03175
4.02659
4.02138
4.01614
4.01087
4.0056
4.00034
3.99513
3.98998
3.98491
3.97994
3.9751
3.97038
3.96581
3.96139
3.95711
3.95298
3.94898
3.94511
3.94135
3.93769
3.93411
3.93059
3.92711
3.92364
3.92016
3.91666
3.91311
3.9095
3.90583
3.90208
3.89826
3.89437
3.89041
3.8864
3.88235
3.87827
3.87419
3.87011
3.86606
3.86207
3.85814
3.85429
3.85053
3.84688
3.84333
3.83989
3.83656
3.83333
3.83018
3.82712
3.82412
3.82117
3.81825
3.81535
3.81243
3.80948
3.80648
3.80342
3.80028
3.79705
3.79374
3.79033
3.78685
3.78328
3.77965
3.77597
3.77225
3.76851
3.76476
3.76102
3.75731
3.75365
3.75005
3.74653
3.74309
3.73973
3.73647
3.7333
3.7302
3.72718
3.72422
3.72131
3.71842
3.71554
3.71265
3.70973
3.70675
3.70371
3.70058
3.69735
3.69402
3.69059
3.68705
3.68342
3.67969
3.67588
3.67199
3.66806
3.66408
3.66008
3.65608
3.65209
3.64814
3.64423
3.64039
3.63662
3.63293
3.62933
3.6258
3.62234
3.61895
3.61562
3.61232
3.60904
3.60577
3.60249
3.59919
3.59583
3.59242
3.58894
3.58539
3.58175
3.57803
3.57423
3.57035
3.56641
3.56241
3.55837
3.5543
3.55022
3.54614
3.54208
3.53807
3.53412
3.53023
3.52643
3.52272
3.5191
3.51558
3.51214
3.50878
3.5055
3.50227
3.49909
3.49594
3.49279
3.48964
3.48647
3.48327
3.48001
3.47669
3.47329
3.46983
3.46629
3.46268
3.459
3.45525
3.45146
3.44763
3.44377
3.43991
3.43606
3.43224
3.42847
3.42475
3.42111
3.41755
3.41408
3.41069
3.40739
3.40417
3.40103
3.39795
3.39493
3.39195
3.389
3.38606
3.38312
3.38016
3.37718
3.37415
3.37107
3.36794
3.36475
3.3615
3.35821
3.35487
3.35149
3.3481
3.34469
3.34129
3.3379
3.33455
3.33124
3.328
3.32483
3.32173
3.31872
3.31579
3.31294
3.31017
3.30746
3.30481
3.30221
3.29965
3.2971
3.29457
3.29203
3.28947
3.28687
3.28423
3.28153
3.27877
3.27595
3.27306
3.27011
3.26711
3.26406
3.26098
3.25788
3.25478
3.25168
3.24861
3.24557
3.24258
3.23964
3.23678
3.23399
3.23129
3.22865
3.2261
3.22361
3.22119
3.21882
3.21649
3.21419
3.21191
3.20964
3.20735
3.20504
3.2027
3.20031
3.19786
3.19536
3.19279
3.19017
3.18749
3.18477
3.182
3.1792
3.17638
3.17355
3.17072
3.1679
3.1651
3.16233
3.15959
3.15689
3.15424
3.15163
3.14906
3.14652
3.14401
3.14153
3.13904
3.13655
3.13405
3.13151
3.12893
3.12629
3.12358
3.1208
3.11793
3.11498
3.11193
3.1088
3.10559
3.10231
3.09896
3.09557
3.09213
3.08866
3.08518
3.08169
3.07821
3.07475
3.07131
3.06791
3.06454
3.06122
3.05793
3.05468
3.05146
3.04826
3.04507
3.04189
3.03869
3.03548
3.03224
3.02897
3.02565
3.02227
3.01884
3.01535
3.01179
3.00819
3.00453
3.00083
2.99711
2.99336
2.9896
2.98584
2.98209
2.97836
2.97466
2.971
2.9674
2.96385
2.96037
2.95695
2.95359
2.95028
2.94702
2.94381
2.94062
2.93746
2.93431
2.93116
2.92802
2.92486
2.92168
2.91847
2.91524
2.91197
2.90866
2.90533
2.90198
2.89861
2.89523
2.89185
2.88848
2.88513
2.8818
2.87851
2.87527
2.87208
2.86896
2.86589
2.8629
2.85997
2.85711
2.8543
2.85154
2.84882
2.84613
2.84347
2.84081
2.83817
2.83552
2.83286
2.83018
2.82747
2.82473
2.82196
2.81915
2.81631
2.81345
2.81057
2.80768
2.80479
2.80191
2.79904
2.79619
2.79338
2.79061
2.78789
2.78523
2.78262
2.78009
2.77761
2.77519
2.77283
2.77051
2.76823
2.76597
2.76374
2.76153
2.75932
2.75711
2.7549
2.75267
2.75041
2.74813
2.74582
2.74349
2.74113
2.73875
2.73636
2.73397
2.73158
2.72921
2.72686
2.72453
2.72224
2.71999
2.71778
2.71563
2.71353
2.71149
2.7095
2.70756
2.70566
2.70379
2.70195
2.70013
2.69831
2.6965
2.69467
2.69284
2.69098
2.68909
2.68716
2.6852
2.68319
2.68113
2.67905
2.67693
2.67479
2.67263
2.67047
2.6683
2.66615
2.664
2.66188
2.65978
2.65772
2.6557
2.65371
2.65177
2.64988
2.64801
2.64618
2.64437
2.64258
2.6408
2.63902
2.63723
2.63544
2.63363
2.63179
2.62993
2.62803
2.6261
2.62412
2.62212
2.62009
2.61803
2.61596
2.61389
2.61181
2.60974
2.60769
2.60565
2.60364
2.60166
2.59971
2.59781
2.59596
2.59415
2.59239
2.59067
2.58898
2.58732
2.58568
2.58405
2.58243
2.58081
2.57919
2.57755
2.5759
2.57422
2.57252
2.57078
2.56901
2.56722
2.5654
2.56357
2.56172
2.55987
2.55801
2.55616
2.55432
2.55249
2.55068
2.54889
2.54713
2.5454
2.54371
2.54205
2.54042
2.53881
2.53722
2.53565
2.53408
2.53251
2.53093
2.52935
2.52775
2.52614
2.52449
2.52282
2.52111
2.51938
2.51761
2.51582
2.514
2.51216
2.51032
2.50846
2.5066
2.50473
2.50287
2.50103
2.49919
2.49738
2.49558
2.49382
2.49208
2.49036
2.48865
2.48696
2.48528
2.4836
2.48192
2.48023
2.47854
2.47682
2.47509
2.47333
2.47155
2.46973
2.46789
2.46602
2.46412
2.46221
2.46027
2.45833
2.45637
2.45442
2.45247
2.45052
2.44859
2.44668
2.44479
2.44293
2.4411
2.4393
2.43754
2.4358
2.43409
2.4324
2.43072
2.42906
2.42741
2.42577
2.42413
2.4225
2.42086
2.41921
2.41756
2.41589
2.41422
2.41254
2.41086
2.40918
2.4075
2.40583
2.40418
2.40254
2.40092
2.39933
2.39777
2.39624
2.39475
2.39331
2.3919
2.39052
2.38919
2.38789
2.38661
2.38536
2.38412
2.3829
2.3817
2.3805
2.37931
2.37811
2.37691
2.37571
2.37449
2.37326
2.37201
2.37076
2.3695
2.36823
2.36696
2.36569
2.36442
2.36316
2.36191
2.36067
2.35945
2.35825
2.35707
2.3559
2.35476
2.35364
2.35253
2.35143
2.35035
2.34927
2.34819
2.34712
2.34604
2.34496
2.34388
2.34278
2.34168
2.34056
2.33943
2.33828
2.33713
2.33598
2.33482
2.33367
2.33252
2.33139
2.33027
2.32917
2.3281
2.32705
2.32602
2.32503
2.32408
2.32315
2.32226
2.3214
2.32056
2.31976
2.31897
2.3182
2.31745
2.31671
2.31598
2.31526
2.31454
2.31382
2.3131
2.31237
2.31163
2.3109
2.31015
2.30941
2.30867
2.30794
2.3072
2.30648
2.30576
2.30505
2.30435
2.30366
2.30299
2.30233
2.30168
2.30105
2.30043
2.29983
2.29922
2.29862
2.29803
2.29743
2.29684
2.29624
2.29563
2.29502
2.29439
2.29376
2.29311
2.29245
2.29178
2.29111
2.29044
2.28976
2.2891
2.28843
2.28778
2.28713
2.2865
2.28589
2.28529
2.28471
2.28415
2.28362
2.28311
2.28261
2.28214
2.28168
2.28124
2.2808
2.28037
2.27995
2.27953
2.27911
2.27868
2.27824
2.2778
2.27734
2.27687
2.27639
2.2759
2.27539
2.27488
2.27436
2.27382
2.27328
2.27273
2.27217
2.2716
2.27103
2.27046
2.26988
2.2693
2.26871
2.26812
2.26752
2.26691
2.2663
2.26566
2.26502
2.26436
2.26368
2.26299
2.26228
2.26155
2.2608
2.26003
2.25925
2.25845
2.25763
2.2568
2.25597
2.25513
2.25428
2.25343
2.25258
2.25172
2.25088
2.25004
2.2492
2.24838
2.24758
2.24678
2.246
2.24522
2.24446
2.2437
2.24295
2.24221
2.24147
2.24074
2.24001
2.23928
2.23855
2.23783
2.2371
2.23638
2.23565
2.23493
2.23421
2.2335
2.23279
2.23209
2.2314
2.23071
2.23004
2.22938
2.22873
2.2281
2.22749
2.2269
2.22632
2.22576
2.22522
2.2247
2.22418
2.22368
2.2232
2.22273
2.22227
2.22183
2.2214
2.22097
2.22056
2.22016
2.21977
2.21938
2.21901
2.21865
2.21831
2.21797
2.21765
2.21735
2.21706
2.21679
2.21653
2.2163
2.21608
2.21588
2.21571
2.21555
2.2154
2.21528
2.21516
2.21506
2.21497
2.21489
2.21483
2.21477
2.21472
2.21468
2.21464
2.2146
2.21457
2.21454
2.21451
2.21448
2.21445
2.21442
2.2144
2.21438
2.21436
2.21434
2.21433
2.21432
2.21432
2.21432
2.21433
2.21435
2.21438
2.21441
2.21445
2.21449
2.21454
2.21459
2.21465
2.21471
2.21478
2.21486
2.21494
2.21502
2.2151
2.21519
2.21527
2.21535
2.21544
2.21553
2.21562
2.21572
2.21581
2.21591
2.21601
2.21611
2.21622
2.21632
2.21643
2.21653
2.21664
2.21675
2.21686
2.21696
2.21707
2.21716
2.21726
2.21735
2.21743
2.21751
2.21758
2.21764
2.21768
2.21772
2.21774
2.21774
2.21773
2.21771
2.21767
2.21762
2.21756
2.21748
2.21739
2.21728
2.21716
2.21703
2.21688
2.21672
2.21655
2.21636
2.21617
2.21597
2.21576
2.21554
2.21532
2.21508
2.21485
2.21461
2.21436
2.21411
2.21386
2.21361
2.21335
2.21309
2.21283
2.21258
2.21232
2.21206
2.21181
2.21157
2.21133
2.21109
2.21085
2.21062
2.21039
2.21016
2.20994
2.20972
2.2095
2.20929
2.20908
2.20888
2.20867
2.20847
2.20827
2.20806
2.20786
2.20765
2.20744
2.20723
2.20702
2.2068
2.20657
2.20635
2.20612
2.20589
2.20565
2.20542
2.20519
2.20496
2.20472
2.20449
2.20426
2.20403
2.2038
2.20358
2.20337
2.20317
2.20297
2.20279
2.20261
2.20244
2.20229
2.20214
2.202
2.20187
2.20176
2.20165
2.20156
2.20148
2.20141
2.20134
2.20129
2.20124
2.20121
2.20118
2.20117
2.20116
2.20116
2.20116
2.20117
2.20118
2.2012
2.20122
2.20124
2.20127
2.2013
2.20133
2.20137
2.2014
2.20143
2.20147
2.20149
2.20152
2.20155
2.20157
2.20159
2.20161
2.20163
2.20164
2.20165
2.20165
2.20165
2.20165
2.20165
2.20164
2.20163
2.20162
2.2016
2.20158
2.20156
2.20154
2.20151
2.20149
2.20146
2.20144
2.20142
2.2014
2.20137
2.20135
2.20132
2.2013
2.20127
2.20125
2.20123
2.2012
2.20118
2.20117
2.20115
2.20113
2.20111
2.20109
2.20107
2.20105
2.20103
2.20101
2.20099
2.20097
2.20095
2.20093
2.20091
2.20089
2.20087
2.20085
2.20083
2.20081
2.20078
2.20076
2.20073
2.2007
2.20067
2.20064
2.20061
2.20058
2.20055
2.20052
2.20049
2.20046
2.20043
2.20039
2.20036
2.20033
2.2003
2.20027
2.20024
2.20021
2.20019
2.20017
2.20015
2.20013
2.20011
2.20009
2.20008
2.20007
2.20006
2.20005
2.20005
2.20004
2.20004
2.20003
2.20002
2.20002
2.20002
2.20002
2.20001
2.20001
2.2
2.19999
2.19998
2.19997
2.19995
2.19993
2.19991
2.19989
2.19987
2.19985
2.19982
2.1998
2.19978
2.19975
2.19973
2.19971
2.19969
2.19968
2.19966
2.19965
2.19964
2.19963
2.19962
2.19962
2.19963
2.19964
2.19965
2.19967
2.19969
2.19972
2.19975
2.19979
2.19983
2.19988
2.19993
2.2
2.20007
2.20015
2.20025
2.20035
2.20045
2.20057
2.2007
2.20084
2.20099
2.20115
2.20131
2.20149
2.20168
2.20188
2.20209
2.20231
2.20254
2.20278
2.20303
2.20329
2.20355
2.20383
2.20411
2.20441
2.20471
2.20501
2.20533
2.20565
2.20599
2.20633
2.20668
2.20704
2.20741
2.20778
2.20815
2.20854
2.20893
2.20932
2.20973
2.21014
2.21056
2.21098
2.21141
2.21184
2.21227
2.21272
2.21316
2.21361
2.21407
2.21453
2.215
2.21546
2.21594
2.21641
2.2169
2.21739
2.21788
2.21839
2.2189
2.21942
2.21995
2.22049
2.22103
2.22158
2.22214
2.2227
2.22328
2.22387
2.22447
2.22507
2.22569
2.22632
2.22696
2.22762
2.22828
2.22896
2.22965
2.23035
2.23107
2.23181
2.23256
2.23333
2.23412
2.23492
2.23574
2.23658
2.23743
2.2383
2.23919
2.24009
2.24099
2.24191
2.24285
2.24379
2.24474
2.24571
2.24669
2.24768
2.24869
2.24971
2.25075
2.25179
2.25286
2.25393
2.25503
2.25614
2.25727
2.25842
2.25959
2.26078
2.26199
2.26322
2.26447
2.26573
2.26701
2.26831
2.26962
2.27095
2.27229
2.27365
2.27501
2.27638
2.27776
2.27915
2.28054
2.28195
2.28336
2.28478
2.2862
2.28763
2.28907
2.29052
2.29198
2.29344
2.29493
2.29643
2.29795
2.29949
2.30105
2.30264
2.30425
2.30588
2.30753
2.30921
2.31091
2.31263
2.31437
2.31613
2.3179
2.3197
2.3215
2.32331
2.32512
2.32694
2.32876
2.33057
2.33238
2.33418
2.33597
2.33774
2.3395
2.34124
2.34296
2.34466
2.34634
2.348
2.34965
2.35127
2.35288
2.35447
2.35604
2.35759
2.35912
2.36064
2.36213
2.36361
2.36507
2.36651
2.36793
2.36933
2.37071
2.37207
2.37341
2.37472
2.37601
2.37727
2.37851
2.37973
2.38092
2.38208
2.38321
2.38432
2.38541
2.38648
2.38752
2.38855
2.38957
2.39057
2.39156
2.39254
2.3935
2.39447
2.39542
2.39637
2.39733
2.39828
2.39924
2.40021
2.40118
2.40216
2.40315
2.40414
2.40514
2.40615
2.40716
2.40818
2.40921
2.41024
2.41128
2.41232
2.41337
2.41443
2.4155
2.41657
2.41766
2.41875
2.41985
2.42096
2.42209
2.42323
2.42438
2.42554
2.42672
2.42792
2.42913
2.43037
2.43162
2.4329
2.43419
2.4355
2.43682
2.43815
2.4395
2.44085
2.44222
2.4436
2.44499
2.44638
2.44779
2.4492
2.45062
2.45204
2.45348
2.45491
2.45635
2.4578
2.45925
2.46072
2.46218
2.46366
2.46514
2.46663
2.46814
2.46965
2.47118
2.47272
2.47427
2.47584
2.47742
2.47901
2.48061
2.48222
2.48383
2.48546
2.48711
2.48876
2.49042
2.49209
2.49378
2.49546
2.49716
2.49885
2.50055
2.50226
2.50396
2.50568
2.5074
2.50912
2.51086
2.5126
2.51436
2.51612
2.5179
2.51969
2.5215
2.52332
2.52516
2.52701
2.52888
2.53077
2.53267
2.53458
2.53651
2.53846
2.54043
2.54242
2.54443
2.54645
2.54848
2.55052
2.55258
2.55463
2.5567
2.55876
2.56083
2.5629
2.56497
2.56704
2.56911
2.57119
2.57328
2.57539
2.57753
2.57973
2.582
2.58436
2.58682
2.58942
2.59217
2.59508
2.59816
2.60145
2.60494
2.60865
2.61258
2.61674
2.62112
2.6257
2.63047
2.63542
2.64051
2.64573
2.65105
2.65645
2.6619
2.66739
2.67289
2.67838
2.68384
2.68925
2.6946
2.69989
2.7051
2.71024
2.71532
2.72035
2.72534
2.7303
2.73525
2.7402
2.74516
2.75014
2.75516
2.76023
2.76535
2.77054
2.7758
2.78112
2.78649
2.7919
2.79734
2.80279
2.80823
2.81365
2.81903
2.82437
2.82963
2.83482
2.83991
2.84489
2.84976
2.85451
2.85913
2.86364
2.86805
2.87236
2.8766
2.88078
2.88493
2.88904
2.89315
2.89727
2.9014
2.90557
2.90979
2.91407
2.91841
2.92282
2.9273
2.93183
2.93641
2.94103
2.94566
2.9503
2.95493
2.95953
2.96409
2.96861
2.97306
2.97743
2.98171
2.98589
2.98996
2.99394
2.99782
3.00161
3.00533
3.00899
3.01262
3.01622
3.01981
3.0234
3.02701
3.03064
3.03432
3.03804
3.04183
3.04569
3.04961
3.0536
3.05764
3.06173
3.06586
3.07
3.07414
3.07827
3.08237
3.08644
3.09045
3.09441
3.09829
3.10209
3.1058
3.10942
3.11295
3.1164
3.11977
3.12309
3.12637
3.12961
3.13285
3.13608
3.13932
3.14258
3.14586
3.14919
3.15256
3.15599
3.15949
3.16304
3.16665
3.17032
3.17401
3.17774
3.18146
3.18518
3.18887
3.19253
3.19613
3.19968
3.20315
3.20655
3.20985
3.21307
3.21618
3.2192
3.22213
3.22499
3.22778
3.23052
3.23322
3.23591
3.23858
3.24126
3.24395
3.24667
3.24942
3.25221
3.25505
3.25795
3.2609
3.26391
3.26696
3.27005
3.27316
3.27628
3.27938
3.28246
3.28551
3.28851
3.29147
3.29436
3.29719
3.29994
3.30262
3.30521
3.30773
3.31017
3.31256
3.31489
3.31719
3.31947
3.32175
3.32403
3.32633
3.32865
3.33102
3.33342
3.33588
3.3384
3.34097
3.34361
3.34631
3.34905
3.35183
3.35463
3.35743
3.36023
3.363
3.36574
3.36844
3.37108
3.37366
3.37617
3.3786
3.38095
3.38323
3.38541
3.38752
3.38956
3.39155
3.39349
3.39541
3.39731
3.39922
3.40114
3.40308
3.40504
3.40705
3.40909
3.41119
3.41334
3.41554
3.41779
3.42008
3.4224
3.42474
3.42708
3.42941
3.43172
3.43398
3.43621
3.43838
3.44049
3.44254
3.44453
3.44644
3.44827
3.45003
3.45173
3.45336
3.45495
3.4565
3.45804
3.45958
3.46112
3.46269
3.46428
3.46591
3.46758
3.46929
3.47105
3.47286
3.47472
3.47662
3.47856
3.48053
3.48251
3.48449
3.48645
3.48839
3.49029
3.49214
3.49393
3.49566
3.49733
3.49893
3.50045
3.50189
3.50326
3.50455
3.50578
3.50696
3.5081
3.50922
3.51033
3.51145
3.51259
3.51375
3.51494
3.51618
3.51745
3.51878
3.52015
3.52158
3.52305
3.52458
3.52614
3.52773
3.52934
3.53096
3.53256
3.53414
3.53569
3.5372
3.53867
3.54008
3.54145
3.54275
3.544
3.54518
3.54631
3.54739
3.54842
3.54943
3.55041
3.5514
3.5524
3.55341
3.55445
3.55553
3.55664
3.5578
3.55899
3.56023
3.56152
3.56286
3.56423
3.56564
3.56708
3.56853
3.56998
3.57142
3.57284
3.57421
3.57555
3.57683
3.57806
3.57924
3.58035
3.58141
3.5824
3.58334
3.58422
3.58505
3.58585
3.58662
3.58739
3.58816
3.58894
3.58975
3.59058
3.59146
3.59237
3.59332
3.59432
3.59537
3.59647
3.59761
3.5988
3.60002
3.60127
3.60253
3.60379
3.60504
3.60626
3.60745
3.6086
3.60971
3.61078
3.61179
3.61276
3.61368
3.61455
3.61537
3.61615
3.6169
3.61762
3.61833
3.61903
3.61975
3.62049
3.62125
3.62204
3.62286
3.62371
3.62459
3.62551
3.62646
3.62745
3.62846
3.62949
3.63053
3.63156
3.63258
3.63357
3.63452
3.63542
3.63626
3.63705
3.63778
3.63845
3.63905
3.63959
3.64007
3.64049
3.64085
3.64116
3.64144
3.64168
3.64191
3.64214
3.64237
3.64262
3.64288
3.64317
3.64348
3.64382
3.64418
3.64458
3.645
3.64545
3.64592
3.6464
3.64689
3.64736
3.64782
3.64824
3.64863
3.64898
3.64928
3.64953
3.64974
3.64989
3.65
3.65006
3.65007
3.65003
3.64996
3.64985
3.64973
3.6496
3.64947
3.64936
3.64926
3.64919
3.64916
3.64915
3.64917
3.64922
3.6493
3.64941
3.64955
3.64971
3.64988
3.65007
3.65024
3.65041
3.65055
3.65065
3.65072
3.65075
3.65073
3.65068
3.65058
3.65044
3.65025
3.65003
3.64978
3.64948
3.64917
3.64883
3.64848
3.64814
3.6478
3.64747
3.64717
3.64689
3.64663
3.6464
3.64619
3.646
3.64583
3.64568
3.64555
3.64544
3.64533
3.64523
3.64513
3.64501
3.64488
3.64474
3.64457
3.64438
3.64416
3.64394
3.6437
3.64345
3.64319
3.64294
3.64269
3.64245
3.64225
3.64208
3.64196
3.6419
3.64191
3.64201
3.64221
3.64249
3.64288
3.64338
3.64398
3.64469
3.64551
3.64645
3.6475
3.64867
3.64995
3.65132
3.65279
3.65435
3.65599
3.6577
3.65949
3.66134
3.66326
3.66526
3.66732
3.66945
3.67166
3.67393
3.67628
3.67871
3.68122
3.68383
3.68654
3.68936
3.69229
3.69534
3.69852
3.70182
3.70524
3.70879
3.71246
3.71625
3.72015
3.72418
3.7283
3.73253
3.73684
3.74122
3.74566
3.75014
3.75464
3.75915
3.76367
3.76817
3.77267
3.77713
3.78157
3.78596
3.79032
3.79462
3.79887
3.80307
3.80722
3.81132
3.81538
3.8194
3.82338
3.82732
3.83122
3.83508
3.8389
3.84267
3.84639
3.85006
3.85369
3.85725
3.86076
3.86421
3.86758
3.87087
3.87408
3.87719
3.8802
3.88311
3.88592
3.88864
3.89125
3.89378
3.89622
3.89857
3.90085
3.90305
3.90519
3.90728
3.90933
3.91136
3.91338
3.9154
3.91744
3.91951
3.92161
3.92375
3.92594
3.92819
3.93049
3.93286
3.9353
3.9378
3.94038
3.94301
3.94569
3.94842
3.95118
3.95396
3.95674
3.95952
3.96229
3.96503
3.96773
3.97039
3.97298
3.9755
3.97794
3.98028
3.98252
3.98466
3.9867
3.98863
3.99046
3.99219
3.99382
3.99535
3.99679
3.99813
3.99938
4.00054
4.00163
4.00263
4.00356
4.00442
4.00522
4.00594
4.0066
4.00718
4.00769
4.00812
4.00847
4.00874
4.00893
4.00905
4.00909
4.00904
4.00891
4.00871
4.00841
4.00804
4.00758
4.00705
4.00644
4.00577
4.00504
4.00424
4.0034
4.0025
4.00156
4.00057
3.99955
3.99849
3.99741
3.99632
3.99522
3.99413
3.99304
3.99197
3.99091
3.98988
3.98887
3.9879
3.98696
3.98607
3.98523
3.98445
3.98373
3.98308
3.9825
3.98199
3.98157
3.98122
3.98096
3.9808
3.98073
3.98077
3.98092
3.98119
3.98157
3.98208
3.9827
3.98344
3.9843
3.98529
3.9864
3.98763
3.98899
3.99047
3.99206
3.99378
3.9956
3.99753
3.99956
4.00168
4.0039
4.0062
4.00859
4.01107
4.01362
4.01626
4.01897
4.02175
4.0246
4.02753
4.03052
4.03358
4.03672
4.03993
4.04322
4.04658
4.05002
4.05354
4.05714
4.06082
4.06457
4.0684
4.07232
4.07633
4.08042
4.0846
4.08886
4.09321
4.09763
4.10214
4.10671
4.11135
4.11605
4.12081
4.12562
4.13048
4.13537
4.1403
4.14524
4.15018
4.15512
4.16005
4.16495
4.16981
4.17462
4.17938
4.18408
4.1887
4.19323
4.19768
4.20202
4.20626
4.21038
4.21439
4.21828
4.22206
4.22572
4.22926
4.23268
4.23598
4.23915
4.24221
4.24515
4.24797
4.25067
4.25327
4.25575
4.25813
4.2604
4.26256
4.26462
4.26656
4.26838
4.2701
4.2717
4.2732
4.27459
4.27588
4.27706
4.27814
4.27912
4.28
4.28079
4.28149
4.28211
4.28266
4.28316
4.28361
4.28401
4.28439
4.28475
4.28509
4.28542
4.28576
4.2861
4.28646
4.28683
4.28723
4.28766
4.28811
4.28858
4.28907
4.28957
4.29007
4.29058
4.29108
4.29159
4.29209
4.29258
4.29307
4.29355
4.29403
4.2945
4.29496
4.29543
4.29591
4.2964
4.29692
4.29747
4.29806
4.29869
4.29938
4.30012
4.30092
4.30179
4.30272
4.30373
4.30482
4.30598
4.30723
4.30856
4.30996
4.31144
4.31298
4.31458
4.31624
4.31796
4.31973
4.32155
4.32342
4.32535
4.32734
4.32937
4.33147
4.33362
4.33583
4.33812
4.34048
4.34292
4.34546
4.3481
4.35084
4.35369
4.35665
4.35972
4.36289
4.36618
4.36957
4.37306
4.37665
4.38034
4.38411
4.38795
4.39185
4.3958
4.39977
4.40376
4.40775
4.41174
4.4157
4.41962
4.42351
4.42735
4.43114
4.43487
4.43853
4.44213
4.44567
4.44915
4.45259
4.45599
4.45936
4.46271
4.46605
4.46938
4.47271
4.47604
4.47939
4.48276
4.48614
4.48955
4.49297
4.49641
4.49986
4.50332
4.50676
4.51018
4.51357
4.51691
4.52021
4.52344
4.52661
4.5297
4.53271
4.53564
4.53848
4.54122
4.54387
4.54642
4.5489
4.55129
4.55362
4.55588
4.55809
4.56026
4.5624
4.5645
4.56659
4.56866
4.57072
4.57279
4.57486
4.57694
4.57904
4.58114
4.58325
4.58535
4.58745
4.58953
4.59158
4.59361
4.5956
4.59755
4.59946
4.60132
4.60313
4.60488
4.60658
4.60822
4.60982
4.61137
4.61289
4.61438
4.61587
4.61736
4.61887
4.6204
4.62198
4.62362
4.62533
4.62713
4.62905
4.63109
4.63327
4.63561
4.63812
4.6408
4.64366
4.6467
4.64992
4.65333
4.65693
4.66071
4.66467
4.66881
4.67312
4.67758
4.68218
4.68691
4.69176
4.6967
4.70172
4.70682
4.71196
4.71715
4.72237
4.7276
4.73282
4.73803
4.74322
4.74836
4.75346
4.75851
4.76351
4.76846
4.77334
4.77816
4.78292
4.7876
4.79221
4.79674
4.80117
4.80553
4.80979
4.81396
4.81804
4.82202
4.82589
4.82966
4.83332
4.83685
4.84026
4.84354
4.84669
4.8497
4.85258
4.85531
4.85789
4.86033
4.86261
4.86474
4.86671
4.86852
4.87019
4.87172
4.87311
4.87436
4.87548
4.87648
4.87737
4.87813
4.87879
4.87935
4.87983
4.88022
4.88056
4.88084
4.88108
4.88128
4.88146
4.88163
4.88179
4.88196
4.88214
4.88234
4.88258
4.88286
4.88319
4.88357
4.88401
4.88452
4.88509
4.88574
4.88647
4.88729
4.88819
4.88919
4.89029
4.89149
4.89279
4.89419
4.89569
4.8973
4.89901
4.90083
4.90277
4.90482
4.907
4.9093
4.91173
4.91429
4.91699
4.91982
4.92279
4.92591
4.92918
4.9326
4.93617
4.93988
4.94375
4.94777
4.95193
4.95623
4.96068
4.96526
4.96997
4.97483
4.97981
4.98492
4.99017
4.99554
5.00103
5.00665
5.01241
5.0183
5.02432
5.0305
5.03682
5.0433
5.04992
5.0567
5.06362
5.07067
5.07786
5.08516
5.09257
5.10007
5.10765
5.11527
5.12293
5.13059
5.13823
5.14581
5.15332
5.16073
5.168
5.17512
5.18207
5.18882
5.19535
5.20164
5.20768
5.21346
5.21896
5.2242
5.22916
5.23386
5.23829
5.24247
5.24641
5.25011
5.2536
5.25687
5.25994
5.26283
5.26554
5.26808
5.27047
5.27272
5.27482
5.27678
5.2786
5.28028
5.28182
5.28322
5.28448
5.28558
5.28653
5.28732
5.28794
5.28839
5.28867
5.28877
5.28869
5.28844
5.28801
5.28742
5.28667
5.28578
5.28475
5.28361
5.28236
5.28101
5.27959
5.2781
5.27657
5.275
5.27342
5.27184
5.27027
5.26871
5.2672
5.26572
5.26429
5.26291
5.26158
5.26032
5.25911
5.25796
5.25687
5.25585
5.25487
5.25396
5.25311
5.25231
5.25158
5.25092
5.25033
5.24982
5.24941
5.24909
5.24889
5.24881
5.24887
5.24907
5.24944
5.24999
5.25073
5.25168
5.25284
5.25424
5.25587
5.25776
5.2599
5.2623
5.26497
5.26792
5.27115
5.27465
5.27844
5.28249
5.28682
5.29142
5.29628
5.30139
5.30675
5.31236
5.31819
5.32425
5.33053
5.33701
5.34368
5.35052
5.35753
5.36469
5.37199
5.3794
5.38692
5.39452
5.40218
5.40989
5.41763
5.42537
5.4331
5.4408
5.44845
5.45603
5.46352
5.47091
5.47818
5.48531
5.49229
5.49911
5.50575
5.5122
5.51846
5.52451
5.53034
5.53596
5.54136
5.54653
5.55148
5.55621
5.56072
5.565
5.56908
5.57296
5.57663
5.5801
5.58339
5.58649
5.58942
5.59217
5.59476
5.59718
5.59945
5.60157
5.60353
5.60535
5.60702
5.60855
5.60993
5.61118
5.61228
5.61325
5.61408
5.61478
5.61533
5.61576
5.61605
5.61622
5.61627
5.61619
5.61601
5.61572
5.61533
5.61484
5.61428
5.61363
5.61293
5.61216
5.61135
5.6105
5.60962
5.60872
5.60781
5.60689
5.60598
5.60507
5.60419
5.60332
5.60249
5.6017
5.60095
5.60026
5.59963
5.59908
5.5986
5.59822
5.59793
5.59775
5.59769
5.59775
5.59796
5.59831
5.59882
5.5995
5.60034
5.60137
5.60258
5.60397
5.60555
5.60731
5.60926
5.61139
5.61369
5.61616
5.61879
5.62158
5.62451
5.62758
5.63078
5.63411
5.63756
5.64113
5.64481
5.6486
5.65249
5.65649
5.66059
5.66481
5.66913
5.67359
5.67817
5.68289
5.68777
5.6928
5.69801
5.70339
5.70897
5.71473
5.72069
5.72685
5.7332
5.73974
5.74645
5.75331
5.76031
5.76743
5.77463
5.7819
5.7892
5.79651
5.80378
5.81101
5.81814
5.82517
5.83204
5.83875
5.84527
5.85157
5.85766
5.86351
5.86912
5.87449
5.87961
5.8845
5.88917
5.89362
5.89787
5.90193
5.90583
5.90957
5.91319
5.91668
5.92006
5.92334
5.92652
5.92961
5.93261
5.93552
5.93833
5.94104
5.94365
5.94614
5.9485
5.95073
5.95279
5.9547
5.95642
5.95795
5.95928
5.9604
5.9613
5.96198
5.96243
5.96265
5.96266
5.96246
5.96207
5.96149
5.96075
5.95987
5.95887
5.95776
5.95657
5.95531
5.95401
5.95269
5.95137
5.95007
5.94879
5.94757
5.9464
5.94532
5.94432
5.94341
5.94262
5.94194
5.94137
5.94093
5.94062
5.94042
5.94035
5.94039
5.94056
5.94084
5.94125
5.94178
5.94243
5.94321
5.94413
5.9452
5.94643
5.94782
5.94939
5.95116
5.95314
5.95535
5.9578
5.96052
5.96351
5.9668
5.9704
5.97433
5.9786
5.98323
5.98822
5.9936
5.99937
6.00552
6.01206
6.01898
6.02626
6.0339
6.04187
6.05014
6.05869
6.06748
6.07647
6.08563
6.09492
6.10428
6.11369
6.1231
6.13246
6.14175
6.15091
6.15992
6.16875
6.17736
6.18573
6.19384
6.20167
6.20921
6.21646
6.22341
6.23006
6.23643
6.24253
6.24835
6.25392
6.25924
6.26433
6.26921
6.27388
6.27836
6.28264
6.28673
6.29063
6.29434
6.29786
6.30116
6.30426
6.30714
6.30979
6.31219
6.31435
6.31624
6.31785
6.31919
6.32023
6.32097
6.32141
6.32155
6.32139
6.32094
6.32021
6.3192
6.31794
6.31644
6.31472
6.31281
6.31074
6.30853
6.30621
6.3038
6.30133
6.29881
6.29626
6.29369
6.29111
6.28853
6.28594
6.28336
6.28078
6.27819
6.27559
6.27297
6.27032
6.26763
6.2649
6.26212
6.25929
6.25639
6.25345
6.25045
6.24741
6.24434
6.24126
6.23818
6.23513
6.23215
6.22926
6.22651
6.22392
6.22152
6.21936
6.21747
6.21586
6.21456
6.2136
6.21299
6.21273
6.21284
6.2133
6.21413
6.2153
6.21681
6.21864
6.22079
6.22323
6.22596
6.22897
6.23223
6.23574
6.23949
6.24348
6.24771
6.25218
6.25691
6.2619
6.26719
6.27278
6.2787
6.28499
6.29165
6.29872
6.30621
6.31414
6.32252
6.33135
6.34062
6.35031
6.36041
6.37089
6.38169
6.39278
6.40411
6.4156
6.42721
6.43885
6.45048
6.462
6.47336
6.48448
6.49529
6.50575
6.51578
6.52535
6.53442
6.54295
6.55094
6.55837
6.56523
6.57156
6.57735
6.58264
6.58747
6.59187
6.59589
6.59956
6.60294
6.60607
6.60897
6.6117
6.61427
6.61671
6.61905
6.62127
6.6234
6.62543
6.62734
6.62912
6.63074
6.63218
6.63341
6.63438
6.63507
6.63543
6.63544
6.63507
6.63427
6.63305
6.63137
6.62924
6.62665
6.62362
6.62017
6.61633
6.61214
6.60764
6.60288
6.59791
6.59279
6.58757
6.58231
6.57705
6.57186
6.56678
6.56185
6.55711
6.55258
6.54828
6.54423
6.54043
6.53687
6.53356
6.53046
6.52757
6.52484
6.52224
6.51975
6.51731
6.51489
6.51247
6.51001
6.50749
6.50489
6.50221
6.49943
6.49657
6.49363
6.49065
6.48764
6.48466
6.48173
6.47892
6.47626
6.47381
6.47164
6.46978
6.46829
6.46722
6.46662
6.46653
6.46698
6.468
6.4696
6.47179
6.47458
6.47795
6.48189
6.48637
6.49135
6.49679
6.50265
6.50889
6.51544
6.52226
6.52929
6.53648
6.54379
6.55116
6.55857
6.56598
6.57336
6.58069
6.58795
6.59513
6.60223
6.60923
6.61616
6.623
6.62978
6.6365
6.64318
6.64983
6.65646
6.66307
6.66967
6.67625
6.68283
6.68937
6.69588
6.70234
6.70871
6.71497
6.72109
6.72703
6.73275
6.73822
6.74341
6.74827
6.75277
6.75689
6.7606
6.76388
6.76671
6.7691
6.77103
6.77251
6.77355
6.77416
6.77438
6.77422
6.77373
6.77292
6.77185
6.77054
6.76905
6.7674
6.76564
6.7638
6.76192
6.76001
6.75809
6.75619
6.7543
6.75242
6.75055
6.74868
6.74679
6.74485
6.74284
6.74074
6.73851
6.73612
6.73355
6.73076
6.72773
6.72445
6.7209
6.71706
6.71294
6.70855
6.7039
6.699
6.69389
6.6886
6.68317
6.67765
6.6721
6.66657
6.66111
6.65579
6.65067
6.64579
6.64122
6.63701
6.6332
6.62983
6.62694
6.62457
6.62273
6.62143
6.62069
6.62051
6.62089
6.6218
6.62323
6.62517
6.62758
6.63043
6.6337
6.63735
6.64133
6.64562
6.65019
6.655
6.66001
6.66521
6.67057
6.67606
6.68167
6.68737
6.69315
6.69901
6.70492
6.71087
6.71687
6.7229
6.72896
6.73504
6.74113
6.74722
6.7533
6.75936
6.76538
6.77135
6.77724
6.78305
6.78874
6.79429
6.79968
6.80488
6.80987
6.81461
6.8191
6.82329
6.82717
6.83073
6.83394
6.83679
6.83927
6.84136
6.84306
6.84437
6.84529
6.84583
6.84597
6.84574
6.84515
6.8442
6.8429
6.84128
6.83935
6.83712
6.83461
6.83186
6.82887
6.82567
6.82229
6.81876
6.81511
6.81136
6.80756
6.80373
6.79993
6.7962
6.79258
6.78911
6.78586
6.78286
6.78017
6.77784
6.77591
6.77443
6.77345
6.77299
6.7731
6.7738
6.77511
6.77703
6.77957
6.78272
6.78647
6.79078
6.79562
6.80096
6.80675
6.81292
6.81942
6.82617
6.83312
6.84019
6.84732
6.85444
6.86149
6.86842
6.87516
6.88168
6.88793
6.89388
6.89951
6.90481
6.90976
6.91437
6.91865
6.92261
6.92626
6.92963
6.93274
6.93562
6.93829
6.94077
6.94309
6.94527
6.94733
6.94927
6.9511
6.95282
6.95442
6.95589
6.95721
6.95836
6.95932
6.96007
6.96056
6.96078
6.9607
6.96028
6.95951
6.95836
6.95682
6.95489
6.95255
6.94981
6.94669
6.94319
6.93935
6.93518
6.93072
6.926
6.92107
6.91597
6.91075
6.90544
6.90009
6.89475
6.88943
6.88419
6.87904
6.874
6.86908
6.86431
6.85967
6.85516
6.85078
6.8465
6.8423
6.83817
6.83407
6.82997
6.82586
6.82171
6.81749
6.81319
6.80878
6.80426
6.79961
6.79484
6.78995
6.78495
6.77985
6.77469
6.76948
6.76426
6.75906
6.75391
6.74884
6.7439
6.73912
6.73453
6.73016
6.72602
6.72215
6.71854
6.71522
6.71217
6.70939
6.70686
6.70458
6.70251
6.70065
6.69894
6.69737
6.6959
6.69449
6.69312
6.69176
6.69038
6.68895
6.68746
6.68589
6.68425
6.68252
6.68071
6.67883
6.6769
6.67493
6.67295
6.67098
6.66906
6.66721
6.66547
6.66387
6.66242
6.66115
6.66008
6.65922
6.65858
6.65817
6.65798
6.658
6.65824
6.65865
6.65923
6.65994
6.66076
6.66166
6.6626
6.66355
6.66448
6.66536
6.66617
6.66688
6.66748
6.66795
6.66828
6.66848
6.66856
6.66851
6.66836
6.66812
6.66783
6.6675
6.66716
6.66684
6.66657
6.66637
6.66628
6.66631
6.66648
6.6668
6.66729
6.66794
6.66876
6.66973
6.67085
6.6721
6.67345
6.67488
6.67637
6.67789
6.6794
6.68087
6.68227
6.68358
6.68477
6.68582
6.68671
6.68745
6.68801
6.68841
6.68864
6.68872
6.68866
6.68848
6.6882
6.68786
6.68748
6.68708
6.6867
6.68636
6.68609
6.6859
6.68583
6.68588
6.68606
6.68638
6.68684
6.68744
6.68816
6.68898
6.6899
6.69088
6.69191
6.69294
6.69396
6.69494
6.69585
6.69666
6.69736
6.69793
6.69834
6.6986
6.6987
6.69864
6.69842
6.69806
6.69758
6.69698
6.6963
6.69556
6.69478
6.694
6.69323
6.69252
6.69187
6.69132
6.69088
6.69057
6.69039
6.69036
6.69046
6.6907
6.69106
6.69153
6.6921
6.69273
6.69341
6.69411
6.69481
6.69547
6.69607
6.69659
6.69701
6.69731
6.69748
6.69751
6.69739
6.69713
6.69673
6.69621
6.69557
6.69483
6.69402
6.69316
6.69228
6.6914
6.69056
6.68976
6.68904
6.68841
6.68791
6.68752
6.68728
6.68718
6.68721
6.68739
6.68768
6.68809
6.68858
6.68915
6.68976
6.69039
6.69103
6.69163
6.69218
6.69266
6.69304
6.69331
6.69345
6.69346
6.69334
6.69308
6.6927
6.69219
6.69158
6.69088
6.69012
6.68931
6.68848
6.68766
6.68686
6.68613
6.68547
6.68491
6.68446
6.68414
6.68396
6.68391
6.68399
6.68421
6.68455
6.68499
6.68553
6.68614
6.6868
6.68748
6.68816
6.68882
6.68943
6.68997
6.69042
6.69077
6.69101
6.69112
6.69111
6.69096
6.69069
6.69031
6.68982
6.68926
6.68862
6.68795
6.68725
6.68657
6.6859
6.68529
6.68475
6.6843
6.68395
6.68371
6.6836
6.68362
6.68376
6.68402
6.6844
6.68487
6.68542
6.68604
6.6867
6.68737
6.68805
6.6887
6.6893
6.68984
6.69028
6.69063
6.69086
6.69098
6.69097
6.69084
6.69059
6.69024
6.6898
6.68927
6.68869
6.68807
6.68743
6.68679
6.68619
6.68563
6.68515
6.68475
6.68446
6.68427
6.6842
6.68426
6.68443
6.68472
6.68512
6.68562
6.68619
6.68683
6.68751
6.6882
6.6889
6.68957
6.69019
6.69075
6.69123
6.69161
6.69189
6.69205
6.6921
6.69203
6.69185
6.69158
6.69121
6.69077
6.69027
6.68974
6.68919
6.68865
6.68813
6.68765
6.68724
6.68691
6.68667
6.68653
6.68651
6.68659
6.68678
6.68708
6.68747
6.68795
6.68849
6.68908
6.6897
6.69034
6.69096
6.69156
6.6921
6.69257
6.69296
6.69325
6.69343
6.69349
6.69344
6.69328
6.693
6.69263
6.69217
6.69163
6.69103
6.6904
6.68975
6.6891
6.68847
6.68789
6.68737
6.68692
6.68657
6.68631
6.68616
6.68612
6.68618
6.68635
6.68662
6.68697
6.6874
6.68787
6.68838
6.68891
6.68944
6.68994
6.6904
6.6908
6.69113
6.69137
6.69153
6.69158
6.69153
6.69138
6.69114
6.6908
6.69039
6.68992
6.68941
6.68886
6.68831
6.68776
6.68724
6.68677
6.68636
6.68602
6.68577
6.68562
6.68557
6.68563
6.68579
6.68604
6.68638
6.6868
6.68729
6.68782
6.68838
6.68895
6.68952
6.69006
6.69055
6.69099
6.69136
6.69164
6.69183
6.69192
6.69191
6.69181
6.69161
6.69133
6.69097
6.69055
6.69009
6.68959
6.68909
6.6886
6.68813
6.68771
6.68734
6.68705
6.68684
6.68672
6.6867
6.68678
6.68695
6.68721
6.68755
6.68797
6.68844
6.68896
6.6895
6.69005
6.69059
6.69111
6.69158
6.69199
6.69233
6.69259
6.69275
6.69283
6.6928
6.69268
6.69247
6.69218
6.69181
6.69138
6.69091
6.69042
6.68991
6.68941
6.68893
6.68849
6.6881
6.68778
6.68753
6.68737
6.6873
6.68732
6.68742
6.68761
6.68787
6.6882
6.68858
6.689
6.68944
6.68989
6.69033
6.69075
6.69112
6.69144
6.69169
6.69187
6.69196
6.69196
6.69188
6.69171
6.69146
6.69113
6.69074
6.6903
6.68983
6.68933
6.68883
6.68834
6.68788
6.68746
6.6871
6.68681
6.6866
6.68647
6.68643
6.68647
6.68661
6.68683
6.68712
6.68748
6.68789
6.68835
6.68882
6.68931
6.68978
6.69024
6.69066
6.69102
6.69133
6.69156
6.69171
6.69178
6.69177
6.69167
6.6915
6.69126
6.69096
6.69061
6.69023
6.68982
6.68941
6.68901
6.68863
6.68829
6.688
6.68777
6.68761
6.68752
6.68751
6.68759
6.68774
6.68797
6.68826
6.6886
6.689
6.68942
6.68987
6.69031
6.69075
6.69116
6.69152
6.69184
6.69209
6.69227
6.69238
6.6924
6.69235
6.69221
6.69201
6.69174
6.69141
6.69103
6.69062
6.69019
6.68976
6.68933
6.68893
6.68857
6.68825
6.68799
6.6878
6.68768
6.68763
6.68766
6.68776
6.68794
6.68817
6.68846
6.68879
6.68915
6.68953
6.6899
6.69027
6.69061
6.69092
6.69117
6.69137
6.69151
6.69157
6.69156
6.69148
6.69132
6.6911
6.69082
6.69049
6.69012
6.68972
6.68931
6.6889
6.6885
6.68812
6.68778
6.68749
6.68726
6.6871
6.687
6.68699
6.68704
6.68717
6.68737
6.68763
6.68794
6.68829
6.68868
6.68908
6.68949
6.68989
6.69026
6.69061
6.6909
6.69115
6.69134
6.69146
6.69151
6.6915
6.69142
6.69128
6.69108
6.69084
6.69055
6.69024
6.68992
6.68959
6.68927
6.68897
6.6887
6.68848
6.6883
6.68818
6.68813
6.68813
6.6882
6.68833
6.68851
6.68874
6.68902
6.68932
6.68964
6.68998
6.6903
6.69062
6.6909
6.69115
6.69136
6.69151
6.69161
6.69164
6.69161
6.69152
6.69136
6.69115
6.69089
6.69059
6.69026
6.68991
6.68956
6.6892
6.68887
6.68856
6.68829
6.68806
6.6879
6.68779
6.68775
6.68777
6.68786
6.68801
6.68821
6.68847
6.68876
6.68909
6.68944
6.6898
6.69016
6.69051
6.69083
6.69111
6.69135
6.69154
6.69167
6.69174
6.69175
6.6917
6.69158
6.69141
6.69119
6.69092
6.69063
6.69031
6.68998
6.68964
6.68932
6.68902
6.68874
6.6885
6.68831
6.68816
6.68807
6.68803
6.68805
6.68811
6.68823
6.68839
6.68858
6.6888
6.68904
6.68929
6.68953
6.68977
6.68998
6.69017
6.69031
6.69042
6.69047
6.69048
6.69043
6.69034
6.69019
6.69001
6.68979
6.68954
6.68927
6.68899
6.68871
6.68844
6.68818
6.68795
6.68776
6.68762
6.68752
6.68747
6.68748
6.68755
6.68767
6.68784
6.68805
6.68831
6.6886
6.68891
6.68924
6.68957
6.6899
6.69021
6.69049
6.69075
6.69096
6.69113
6.69125
6.69131
6.69133
6.69129
6.69121
6.69108
6.69091
6.69071
6.69049
6.69026
6.69001
6.68978
6.68955
6.68935
6.68917
6.68903
6.68892
6.68887
6.68885
6.68889
6.68897
6.68909
6.68925
6.68945
6.68967
6.68991
6.69015
6.6904
6.69064
6.69087
6.69107
6.69123
6.69136
6.69145
6.69149
6.69148
6.69142
6.69132
6.69118
6.69099
6.69078
6.69053
6.69027
6.69
6.68973
6.68946
6.68921
6.68898
6.68878
6.68862
6.6885
6.68843
6.6884
6.68842
6.68849
6.68859
6.68874
6.68892
6.68912
6.68935
6.68958
6.68982
6.69006
6.69028
6.69048
6.69066
6.6908
6.69091
6.69098
6.69101
6.69101
6.69096
6.69088
6.69076
6.69062
6.69046
6.69028
6.69009
6.68991
6.68973
6.68957
6.68943
6.68932
6.68923
6.68919
6.68918
6.68921
6.68928
6.68938
6.68952
6.68969
6.68989
6.6901
6.69031
6.69054
6.69076
6.69097
6.69116
6.69133
6.69146
6.69156
6.69163
6.69165
6.69163
6.69157
6.69147
6.69133
6.69116
6.69097
6.69075
6.69052
6.69028
6.69003
6.6898
6.68958
6.68938
6.68921
6.68906
6.68895
6.68888
6.68884
6.68884
6.68888
6.68895
6.68904
6.68917
6.68931
6.68947
6.68963
6.6898
6.68996
6.69011
6.69024
6.69035
6.69044
6.6905
6.69054
6.69054
6.69052
6.69046
6.69039
6.69029
6.69017
6.69005
6.68992
6.6898
6.68968
6.68958
6.68949
6.68943
6.6894
6.6894
6.68944
6.6895
6.68961
6.68975
6.68991
6.69011
6.69033
6.69057
6.69082
6.69107
6.69133
6.69158
6.69181
6.69203
6.69223
6.69239
6.69252
6.69262
6.69268
6.69271
6.6927
6.69265
6.69258
6.69247
6.69235
6.69221
6.69206
6.6919
6.69174
6.69159
6.69145
6.69132
6.69122
6.69114
6.69108
6.69105
6.69104
6.69106
6.6911
6.69116
6.69124
6.69133
6.69143
6.69154
6.69164
6.69173
6.6918
6.69186
6.6919
6.69191
6.6919
6.69185
6.69177
6.69167
6.69153
6.69136
6.69118
6.69097
6.69075
6.69051
6.69028
6.69004
6.68981
6.68959
6.68939
6.6892
6.68904
6.6889
6.68879
6.68871
6.68866
6.68863
6.68863
6.68866
6.6887
6.68875
6.68882
6.68889
6.68897
6.68904
6.6891
6.68915
6.68918
6.68919
6.68919
6.68916
6.6891
6.68903
6.68893
6.68882
6.68869
6.68854
6.68839
6.68823
6.68807
6.68791
6.68776
6.68762
6.68749
6.68739
6.6873
6.68723
6.68719
6.68717
6.68717
6.68719
6.68723
6.68729
6.68736
6.68743
6.68752
6.6876
6.68768
6.68775
6.68781
6.68786
6.68788
6.6879
6.68789
6.68786
6.68781
6.68774
6.68765
6.68754
6.68743
6.6873
6.68717
6.68703
6.68689
6.68676
6.68664
6.68654
6.68644
6.68637
6.68631
6.68628
6.68626
6.68627
6.6863
6.68635
6.68641
6.68649
6.68658
6.68667
6.68677
6.68686
6.68695
6.68704
6.68712
6.68718
6.68723
6.68726
6.68727
6.68727
6.68725
6.68721
6.68716
6.6871
6.68702
6.68695
6.68686
6.68678
6.6867
6.68663
6.68656
6.68651
6.68648
6.68646
6.68646
6.68648
6.68652
6.68657
6.68664
6.68673
6.68683
6.68694
6.68705
6.68717
6.68729
6.68741
6.68752
6.68762
6.68771
6.68778
6.68784
6.68788
6.6879
6.6879
6.68788
6.68785
6.6878
6.68774
6.68766
6.68757
6.68748
6.68739
6.6873
6.68721
6.68713
6.68705
6.68698
6.68693
6.68689
6.68686
6.68685
6.68685
6.68686
6.68688
6.68691
6.68694
6.68698
6.68702
6.68706
6.68709
6.68712
6.68714
6.68715
6.68715
6.68714
6.68711
6.68707
6.68701
6.68693
6.68685
6.68675
6.68665
6.68653
6.68641
6.68629
6.68617
6.68604
6.68593
6.68582
6.68571
6.68562
6.68553
6.68546
6.6854
6.68534
6.6853
6.68527
6.68524
6.68522
6.68521
6.6852
6.68519
6.68518
6.68517
6.68516
6.68514
6.68512
6.68508
6.68505
6.685
6.68495
6.68489
6.68482
6.68475
6.68468
6.6846
6.68453
6.68446
6.68439
6.68433
6.68428
6.68424
6.6842
6.68418
6.68417
6.68417
6.68418
6.68421
6.68424
6.68429
6.68435
6.68441
6.68448
6.68456
6.68464
6.68472
6.6848
6.68488
6.68496
6.68503
6.68511
6.68517
6.68524
6.6853
6.68535
6.68541
6.68546
6.68551
6.68557
6.68563
6.68569
6.68576
6.68584
6.68592
6.68602
6.68612
6.68624
6.68637
6.68651
6.68666
6.68682
6.68699
6.68717
6.68736
6.68756
6.68776
6.68797
6.68818
6.68839
6.6886
6.68881
6.68902
6.68922
6.68942
6.68961
6.68979
6.68997
6.69015
6.69032
6.69049
6.69065
6.69081
6.69096
6.69112
6.69127
6.69143
6.69158
6.69174
6.6919
6.69207
6.69223
6.6924
6.69257
6.69274
6.69292
6.6931
6.69328
6.69347
6.69365
6.69383
6.69402
6.6942
6.69438
6.69456
6.69473
6.69491
6.69508
6.69526
6.69543
6.69561
6.69578
6.69596
6.69614
6.69633
6.69652
6.69671
6.69691
6.69712
6.69734
6.69756
6.69779
6.69803
6.69827
6.69852
6.69878
6.69904
6.69931
6.69958
6.69985
6.70012
6.70039
6.70065
6.70092
6.70117
6.70142
6.70166
6.70189
6.70211
6.70232
6.70252
6.70271
6.70289
6.70306
6.70323
6.70338
6.70353
6.70367
6.70381
6.70394
6.70407
6.7042
6.70432
6.70445
6.70457
6.7047
6.70483
6.70496
6.70509
6.70522
6.70536
6.7055
6.70564
6.70578
6.70592
6.70606
6.70621
6.70635
6.70649
6.70663
6.70676
6.7069
6.70704
6.70717
6.7073
6.70743
6.70756
6.70769
6.70781
6.70794
6.70806
6.70818
6.70831
6.70843
6.70855
6.70867
6.70879
6.70891
6.70902
6.70914
6.70925
6.70936
6.70947
6.70957
6.70967
6.70976
6.70985
6.70993
6.71
6.71007
6.71013
6.71018
6.71022
6.71026
6.7103
6.71033
6.71035
6.71037
6.71039
6.7104
6.71041
6.71043
6.71045
6.71046
6.71049
6.71051
6.71054
6.71057
6.71061
6.71065
6.71069
6.71074
6.7108
6.71086
6.71092
6.71098
6.71104
6.7111
6.71116
6.71121
6.71126
6.71131
6.71135
6.71139
6.71142
6.71144
6.71146
6.71147
6.71147
6.71146
6.71145
6.71143
6.7114
6.71137
6.71133
6.71128
6.71123
6.71118
6.71112
6.71106
6.71099
6.71092
6.71085
6.71078
6.7107
6.71062
6.71054
6.71046
6.71038
6.7103
6.71021
6.71013
6.71004
6.70995
6.70987
6.70978
6.70969
6.7096
6.70951
6.70942
6.70934
6.70925
6.70917
6.70909
6.70901
6.70893
6.70885
6.70878
6.70871
6.70865
6.70859
6.70853
6.70848
6.70842
6.70837
6.70833
6.70828
6.70824
6.70819
6.70815
6.7081
6.70805
6.708
6.70794
6.70788
6.70781
6.70774
6.70767
6.70759
6.70751
6.70742
6.70733
6.70723
6.70713
6.70702
6.70691
6.7068
6.70669
6.70657
6.70646
6.70634
6.70622
6.70611
6.70599
6.70587
6.70576
6.70565
6.70554
6.70543
6.70532
6.70522
6.70512
6.70502
6.70492
6.70483
6.70474
6.70464
6.70456
6.70447
6.70439
6.7043
6.70422
6.70414
6.70407
6.70399
6.70392
6.70385
6.70379
6.70373
6.70366
6.70361
6.70355
6.7035
6.70344
6.7034
6.70335
6.7033
6.70326
6.70322
6.70318
6.70313
6.70309
6.70305
6.703
6.70295
6.7029
6.70284
6.70278
6.70272
6.70266
6.70259
6.70251
6.70244
6.70236
6.70228
6.7022
6.70211
6.70203
6.70194
6.70185
6.70177
6.70168
6.70159
6.70151
6.70143
6.70135
6.70127
6.70119
6.70112
6.70104
6.70097
6.7009
6.70083
6.70077
6.7007
6.70063
6.70057
6.70051
6.70044
6.70038
6.70031
6.70025
6.70019
6.70012
6.70006
6.7
6.69994
6.69988
6.69982
6.69975
6.69969
6.69963
6.69958
6.69952
6.69946
6.69941
6.69935
6.6993
6.69925
6.69919
6.69914
6.69909
6.69904
6.69899
6.69894
6.69889
6.69883
6.69878
6.69872
6.69867
6.69861
6.69855
6.69849
6.69842
6.69836
6.6983
6.69824
6.69818
6.69811
6.69805
6.69799
6.69793
6.69788
6.69782
6.69777
6.69773
6.69768
6.69764
6.6976
6.69757
6.69753
6.69751
6.69748
6.69746
6.69745
6.69743
6.69742
6.69741
6.6974
6.69739
6.69738
6.69738
6.69737
6.69737
6.69737
6.69737
6.69737
6.69736
6.69736
6.69736
6.69737
6.69737
6.69737
6.69737
6.69738
6.69738
6.69739
6.69739
6.6974
6.6974
6.69741
6.69742
6.69742
6.69743
6.69743
6.69744
6.69744
6.69744
6.69743
6.69743
6.69742
6.6974
6.69739
6.69737
6.69734
6.69731
6.69728
6.69725
6.69721
6.69716
6.69712
6.69707
6.69702
6.69697
6.69691
6.69685
6.6968
6.69673
6.69667
6.69661
6.69655
6.69649
6.69643
6.69637
6.69631
6.69625
6.6962
6.69614
6.69609
6.69603
6.69598
6.69593
6.69588
6.69584
6.6958
6.69576
6.69572
6.69569
6.69566
6.69563
6.69562
6.6956
6.69559
6.69559
6.69559
6.6956
6.69561
6.69563
6.69566
6.69569
6.69573
6.69577
6.69582
6.69588
6.69594
6.696
6.69607
6.69615
6.69622
6.69631
6.69639
6.69648
6.69657
6.69665
6.69674
6.69683
6.69692
6.697
6.69709
6.69717
6.69726
6.69733
6.69741
6.69749
6.69756
6.69763
6.69769
6.69776
6.69782
6.69788
6.69793
6.69799
6.69804
6.69809
6.69814
6.69819
6.69824
6.69829
6.69833
6.69838
6.69842
6.69847
6.69851
6.69855
6.6986
6.69864
6.69868
6.69872
6.69877
6.69881
6.69885
6.6989
6.69894
6.69899
6.69903
6.69908
6.69913
6.69919
6.69924
6.6993
6.69936
6.69942
6.69948
6.69954
6.69961
6.69967
6.69974
6.69981
6.69989
6.69996
6.70003
6.7001
6.70017
6.70024
6.70031
6.70037
6.70044
6.70049
6.70055
6.7006
6.70064
6.70067
6.7007
6.70073
6.70075
6.70076
6.70076
6.70076
6.70075
6.70074
6.70072
6.70069
6.70066
6.70063
6.70059
6.70055
6.7005
6.70046
6.70041
6.70036
6.70031
6.70026
6.70021
6.70016
6.70011
6.70006
6.70002
6.69997
6.69993
6.69989
6.69985
6.69981
6.69978
6.69975
6.69972
6.6997
6.69968
6.69967
6.69965
6.69964
6.69964
6.69963
6.69963
6.69963
6.69964
6.69964
6.69965
6.69966
6.69966
6.69967
6.69968
6.69969
6.69969
6.69969
6.6997
6.69969
6.69969
6.69968
6.69967
6.69965
6.69963
6.6996
6.69957
6.69954
6.6995
6.69946
6.69942
6.69937
6.69933
6.69928
6.69923
6.69918
6.69913
6.69908
6.69904
6.69899
6.69896
6.69892
6.69889
6.69887
6.69885
6.69884
6.69884
6.69885
6.69886
6.69888
6.69891
6.69894
6.69899
6.69904
6.6991
6.69916
6.69924
6.69932
6.6994
6.6995
6.6996
6.6997
6.69981
6.69992
6.70004
6.70016
6.70029
6.70041
6.70054
6.70067
6.70079
6.70092
6.70104
6.70116
6.70128
6.70139
6.7015
6.7016
6.7017
6.70179
6.70187
6.70194
6.70201
6.70206
6.70211
6.70215
6.70218
6.7022
6.70222
6.70222
6.70222
6.70221
6.7022
6.70218
6.70215
6.70212
6.70209
6.70205
6.70201
6.70196
6.70192
6.70187
6.70183
6.70178
6.70174
6.70169
6.70165
6.70161
6.70158
6.70155
6.70152
6.70149
6.70147
6.70146
6.70144
6.70143
6.70142
6.70142
6.70142
6.70142
6.70142
6.70142
6.70143
6.70144
6.70144
6.70145
6.70145
6.70146
6.70146
6.70146
6.70146
6.70146
6.70145
6.70144
6.70143
6.70141
6.70139
6.70136
6.70133
6.7013
6.70126
6.70122
6.70118
6.70113
6.70108
6.70103
6.70098
6.70093
6.70087
6.70081
6.70076
6.7007
6.70065
6.7006
6.70055
6.70051
6.70047
6.70043
6.7004
6.70038
6.70036
6.70035
6.70034
6.70034
6.70035
6.70037
6.70039
6.70042
6.70045
6.70049
6.70054
6.70059
6.70065
6.70071
6.70077
6.70084
6.70091
6.70097
6.70104
6.70111
6.70118
6.70124
6.70131
6.70137
6.70142
6.70148
6.70152
6.70157
6.70161
6.70164
6.70167
6.70169
6.70171
6.70173
6.70174
6.70174
6.70174
6.70174
6.70173
6.70172
6.70171
6.7017
6.70168
6.70167
6.70165
6.70163
6.70161
6.7016
6.70158
6.70156
6.70155
6.70154
6.70153
6.70152
6.70152
6.70152
6.70152
6.70152
6.70153
6.70155
6.70156
6.70158
6.7016
6.70163
6.70166
6.70168
6.70172
6.70175
6.70178
6.70182
6.70185
6.70189
6.70192
6.70195
6.70198
6.70201
6.70204
6.70206
6.70208
6.7021
6.70212
6.70213
6.70213
6.70214
6.70214
6.70213
6.70213
6.70212
6.70211
6.70209
6.70208
6.70206
6.70204
6.70202
6.702
6.70198
6.70196
6.70195
6.70193
6.70192
6.70191
6.70191
6.70191
6.70191
6.70192
6.70193
6.70194
6.70197
6.70199
6.70202
6.70206
6.70209
6.70213
6.70217
6.70222
6.70227
6.70232
6.70237
6.70242
6.70247
6.70252
6.70257
6.70261
6.70266
6.7027
6.70273
6.70277
6.7028
6.70282
6.70284
6.70285
6.70286
6.70286
6.70285
6.70284
6.70282
6.70279
6.70276
6.70272
6.70268
6.70263
6.70258
6.70252
6.70246
6.70239
6.70232
6.70225
6.70218
6.70211
6.70204
6.70196
6.70189
6.70182
6.70175
6.70169
6.70163
6.70157
6.70151
6.70146
6.70142
6.70138
6.70135
6.70132
6.7013
6.70128
6.70127
6.70127
6.70127
6.70128
6.70129
6.7013
6.70132
6.70135
6.70137
6.7014
6.70143
6.70145
6.70148
6.70151
6.70154
6.70156
6.70158
6.70161
6.70162
6.70164
6.70166
6.70167
6.70167
6.70168
6.70168
6.70168
6.70168
6.70167
6.70167
6.70166
6.70165
6.70164
6.70163
6.70162
6.70161
6.7016
6.70159
6.70158
6.70157
6.70157
6.70157
6.70156
6.70157
6.70157
6.70158
6.70159
6.70161
6.70162
6.70165
6.70167
6.7017
6.70173
6.70177
6.70181
6.70185
6.70189
6.70194
6.70199
6.70204
6.7021
6.70215
6.70221
6.70226
6.70232
6.70237
6.70243
6.70248
6.70253
6.70258
6.70262
6.70266
6.7027
6.70273
6.70276
6.70279
6.70281
6.70282
6.70284
6.70284
6.70285
6.70285
6.70285
6.70284
6.70284
6.70283
6.70282
6.70281
6.7028
6.70279
6.70278
6.70277
6.70276
6.70275
6.70274
6.70273
6.70273
6.70272
6.70272
6.70272
6.70272
6.70272
6.70272
6.70272
6.70272
6.70273
6.70273
6.70274
6.70275
6.70276
6.70277
6.70277
6.70278
6.70279
6.7028
6.70281
6.70282
6.70283
6.70283
6.70284
6.70284
6.70284
6.70284
6.70283
6.70283
6.70282
6.70281
6.70279
6.70278
6.70276
6.70274
6.70272
6.70269
6.70267
6.70264
6.70261
6.70258
6.70255
6.70252
6.70249
6.70246
6.70243
6.7024
6.70237
6.70234
6.70232
6.70229
6.70227
6.70225
6.70223
6.70221
6.7022
6.70218
6.70217
6.70217
6.70216
6.70215
6.70215
6.70215
6.70215
6.70215
6.70215
6.70216
6.70216
6.70217
6.70218
6.70218
6.70219
6.7022
6.70221
6.70222
6.70223
6.70224
6.70226
6.70227
6.70229
6.70231
6.70232
6.70234
6.70236
6.70238
6.70241
6.70243
6.70246
6.70248
6.70251
6.70254
6.70256
6.70259
6.70262
6.70265
6.70268
6.70271
6.70274
6.70277
6.70281
6.70284
6.70287
6.7029
6.70293
6.70295
6.70298
6.70301
6.70303
6.70306
6.70308
6.70311
6.70313
6.70315
6.70317
6.70319
6.70321
6.70322
6.70324
6.70325
6.70327
6.70328
6.70329
6.7033
6.70331
6.70332
6.70333
6.70334
6.70334
6.70335
6.70335
6.70336
6.70336
6.70336
6.70336
6.70336
6.70336
6.70335
6.70335
6.70335
6.70334
6.70334
6.70334
6.70333
6.70333
6.70333
6.70333
6.70333
6.70334
6.70334
6.70334
6.70335
6.70336
6.70337
6.70338
6.70339
6.7034
6.70341
6.70342
6.70343
6.70343
6.70344
6.70345
6.70345
6.70346
6.70346
6.70345
6.70345
6.70344
6.70343
6.70341
6.70339
6.70337
6.70334
6.70331
6.70328
6.70324
6.7032
6.70316
6.70311
6.70307
6.70301
6.70296
6.7029
6.70285
6.70279
6.70273
6.70267
6.70261
6.70255
6.70249
6.70243
6.70238
6.70232
6.70227
6.70222
6.70217
6.70213
6.70209
6.70205
6.70202
6.70199
6.70197
6.70196
6.70194
6.70194
6.70194
6.70194
6.70195
6.70196
6.70198
6.702
6.70203
6.70206
6.70209
6.70212
6.70216
6.70219
6.70223
6.70226
6.7023
6.70233
6.70236
6.70238
6.70241
6.70243
6.70244
6.70245
6.70246
6.70246
6.70246
6.70246
6.70245
6.70244
6.70242
6.7024
6.70238
6.70235
6.70232
6.70229
6.70226
6.70223
6.70219
6.70216
6.70213
6.70209
6.70206
6.70203
6.702
6.70197
6.70194
6.70192
6.7019
6.70188
6.70187
6.70185
6.70185
6.70184
6.70184
6.70184
6.70184
6.70184
6.70185
6.70186
6.70187
6.70188
6.7019
6.70192
6.70194
6.70196
6.70198
6.702
6.70202
6.70205
6.70207
6.7021
6.70212
6.70215
6.70217
6.7022
6.70222
6.70225
6.70227
6.7023
6.70233
6.70235
6.70238
6.7024
6.70243
6.70246
6.70249
6.70252
6.70255
6.70258
6.70261
6.70265
6.70269
6.70273
6.70278
6.70283
6.70288
6.70293
6.70299
6.70305
6.70312
6.70319
6.70326
6.70333
6.70341
6.70349
6.70357
6.70365
6.70373
6.70381
6.7039
6.70398
6.70406
6.70413
6.70421
6.70428
6.70435
6.70441
6.70447
6.70452
6.70457
6.70461
6.70465
6.70468
6.7047
6.70472
6.70474
6.70475
6.70475
6.70475
6.70474
6.70473
6.70471
6.70469
6.70467
6.70464
6.70461
6.70458
6.70454
6.7045
6.70447
6.70443
6.70439
6.70435
6.70431
6.70426
6.70422
6.70418
6.70414
6.7041
6.70406
6.70402
6.70398
6.70395
6.70392
6.70389
6.70386
6.70383
6.70381
6.70379
6.70377
6.70376
6.70375
6.70374
6.70374
6.70374
6.70374
6.70374
6.70374
6.70375
6.70375
6.70376
6.70377
6.70378
6.70379
6.7038
6.70381
6.70382
6.70383
6.70384
6.70385
6.70386
6.70386
6.70387
6.70388
6.70389
6.70389
6.7039
6.7039
6.70391
6.70391
6.70392
6.70393
6.70393
6.70394
6.70394
6.70394
6.70395
6.70395
6.70396
6.70396
6.70397
6.70397
6.70397
6.70398
6.70398
6.70398
6.70398
6.70399
6.70399
6.70398
6.70398
6.70398
6.70397
6.70396
6.70395
6.70393
6.70392
6.7039
6.70388
6.70385
6.70383
6.7038
6.70377
6.70374
6.70371
6.70367
6.70364
6.7036
6.70356
6.70353
6.70349
6.70345
6.70342
6.70338
6.70335
6.70331
6.70328
6.70325
6.70323
6.70321
6.70319
6.70317
6.70316
6.70315
6.70314
6.70314
6.70315
6.70315
6.70317
6.70319
6.70321
6.70323
6.70327
6.7033
6.70334
6.70338
6.70343
6.70347
6.70353
6.70358
6.70363
6.70369
6.70375
6.70381
6.70386
6.70392
6.70398
6.70404
6.7041
6.70416
6.70421
6.70427
6.70432
6.70437
6.70442
6.70446
6.70451
6.70455
6.70459
6.70462
6.70466
6.70469
6.70472
6.70475
6.70477
6.7048
6.70482
6.70484
6.70486
6.70488
6.70489
6.7049
6.70492
6.70493
6.70494
6.70495
6.70496
6.70496
6.70497
6.70498
6.70498
6.70499
6.70499
6.705
6.705
6.705
6.705
6.705
6.705
6.705
6.705
6.705
6.70499
6.70498
6.70498
6.70497
6.70495
6.70494
6.70492
6.7049
6.70488
6.70485
6.70482
6.70479
6.70475
6.70471
6.70467
6.70463
6.70458
6.70453
6.70447
6.70441
6.70436
6.7043
6.70423
6.70417
6.70411
6.70404
6.70397
6.70391
6.70384
6.70378
6.70372
6.70366
6.7036
6.70354
6.70349
6.70344
6.70339
6.70334
6.7033
6.70326
6.70323
6.7032
6.70317
6.70315
6.70313
6.70311
6.7031
6.70309
6.70309
6.70309
6.7031
6.70311
6.70312
6.70314
6.70316
6.70319
6.70322
6.70325
6.70329
6.70333
6.70337
6.70342
6.70347
6.70352
6.70357
6.70363
6.70369
6.70374
6.7038
6.70386
6.70392
6.70397
6.70403
6.70408
6.70413
6.70418
6.70422
6.70426
6.7043
6.70433
6.70437
6.7044
6.70442
6.70445
6.70447
6.70448
6.7045
6.70451
6.70453
6.70454
6.70455
6.70455
6.70456
6.70457
6.70458
6.70459
6.7046
6.70461
6.70462
6.70464
6.70465
6.70467
6.70469
6.70471
6.70474
6.70476
6.70479
6.70481
6.70484
6.70487
6.7049
6.70494
6.70497
6.705
6.70503
6.70506
6.70509
6.70511
6.70514
6.70517
6.70519
6.70521
6.70523
6.70524
6.70525
6.70527
6.70527
6.70528
6.70529
6.70529
6.70529
6.70528
6.70528
6.70527
6.70526
6.70525
6.70523
6.70522
6.7052
