-1.03794
-1.03826
-1.03858
-1.0389
-1.03921
-1.03952
-1.03983
-1.04013
-1.04043
-1.04073
-1.04102
-1.04131
-1.04159
-1.04187
-1.04214
-1.0424
-1.04266
-1.0429
-1.04315
-1.04338
-1.0436
-1.04382
-1.04402
-1.04422
-1.04441
-1.04458
-1.04475
-1.0449
-1.04505
-1.04518
-1.0453
-1.04542
-1.04552
-1.04561
-1.04569
-1.04577
-1.04583
-1.04589
-1.04594
-1.04598
-1.04601
-1.04604
-1.04607
-1.04608
-1.04609
-1.0461
-1.0461
-1.0461
-1.0461
-1.04609
-1.04607
-1.04606
-1.04604
-1.04602
-1.046
-1.04598
-1.04595
-1.04592
-1.04589
-1.04586
-1.04583
-1.04579
-1.04576
-1.04572
-1.04568
-1.04564
-1.0456
-1.04556
-1.04551
-1.04547
-1.04542
-1.04538
-1.04533
-1.04529
-1.04524
-1.04519
-1.04515
-1.0451
-1.04505
-1.045
-1.04495
-1.0449
-1.04485
-1.0448
-1.04475
-1.0447
-1.04464
-1.04459
-1.04454
-1.04449
-1.04444
-1.04439
-1.04434
-1.04429
-1.04424
-1.0442
-1.04415
-1.04411
-1.04407
-1.04403
-1.04399
-1.04396
-1.04392
-1.04389
-1.04387
-1.04384
-1.04382
-1.04381
-1.04379
-1.04378
-1.04378
-1.04378
-1.04378
-1.04378
-1.04379
-1.0438
-1.04382
-1.04384
-1.04386
-1.04388
-1.04391
-1.04394
-1.04397
-1.044
-1.04403
-1.04406
-1.04409
-1.04412
-1.04416
-1.04419
-1.04421
-1.04424
-1.04427
-1.04429
-1.04431
-1.04433
-1.04435
-1.04436
-1.04437
-1.04438
-1.04438
-1.04438
-1.04438
-1.04437
-1.04436
-1.04435
-1.04433
-1.04431
-1.04428
-1.04425
-1.04422
-1.04418
-1.04415
-1.0441
-1.04406
-1.04401
-1.04396
-1.04391
-1.04385
-1.0438
-1.04374
-1.04369
-1.04363
-1.04357
-1.04352
-1.04346
-1.04341
-1.04336
-1.04331
-1.04326
-1.04322
-1.04318
-1.04315
-1.04311
-1.04309
-1.04306
-1.04304
-1.04303
-1.04302
-1.04301
-1.043
-1.043
-1.04301
-1.04301
-1.04302
-1.04303
-1.04305
-1.04307
-1.04308
-1.0431
-1.04312
-1.04315
-1.04317
-1.0432
-1.04322
-1.04325
-1.04328
-1.04331
-1.04334
-1.04337
-1.04341
-1.04344
-1.04348
-1.04351
-1.04355
-1.04358
-1.04362
-1.04365
-1.04369
-1.04372
-1.04375
-1.04379
-1.04382
-1.04384
-1.04387
-1.0439
-1.04392
-1.04395
-1.04397
-1.04399
-1.04401
-1.04402
-1.04403
-1.04405
-1.04406
-1.04406
-1.04407
-1.04408
-1.04408
-1.04408
-1.04408
-1.04408
-1.04407
-1.04407
-1.04407
-1.04406
-1.04405
-1.04405
-1.04404
-1.04403
-1.04402
-1.04401
-1.044
-1.04399
-1.04398
-1.04398
-1.04397
-1.04397
-1.04396
-1.04396
-1.04395
-1.04395
-1.04395
-1.04395
-1.04395
-1.04395
-1.04395
-1.04396
-1.04396
-1.04397
-1.04397
-1.04398
-1.04398
-1.04399
-1.04399
-1.044
-1.044
-1.04401
-1.04401
-1.04401
-1.04401
-1.04401
-1.04401
-1.04401
-1.04401
-1.044
-1.044
-1.04399
-1.04398
-1.04397
-1.04396
-1.04395
-1.04394
-1.04393
-1.04392
-1.0439
-1.04389
-1.04388
-1.04387
-1.04387
-1.04386
-1.04385
-1.04385
-1.04385
-1.04385
-1.04385
-1.04385
-1.04386
-1.04387
-1.04388
-1.04389
-1.04391
-1.04392
-1.04394
-1.04396
-1.04398
-1.044
-1.04402
-1.04405
-1.04407
-1.04409
-1.04412
-1.04414
-1.04416
-1.04418
-1.0442
-1.04422
-1.04424
-1.04426
-1.04428
-1.0443
-1.04432
-1.04434
-1.04436
-1.04438
-1.0444
-1.04442
-1.04444
-1.04446
-1.04448
-1.04449
-1.04451
-1.04453
-1.04455
-1.04456
-1.04458
-1.0446
-1.04461
-1.04463
-1.04464
-1.04466
-1.04467
-1.04469
-1.0447
-1.04472
-1.04473
-1.04475
-1.04476
-1.04478
-1.0448
-1.04481
-1.04483
-1.04485
-1.04487
-1.04489
-1.04492
-1.04494
-1.04496
-1.04499
-1.04501
-1.04504
-1.04507
-1.04509
-1.04512
-1.04514
-1.04516
-1.04518
-1.0452
-1.04522
-1.04523
-1.04524
-1.04525
-1.04525
-1.04525
-1.04525
-1.04524
-1.04523
-1.04521
-1.04519
-1.04517
-1.04514
-1.04511
-1.04507
-1.04503
-1.04499
-1.04494
-1.0449
-1.04485
-1.0448
-1.04475
-1.0447
-1.04466
-1.04461
-1.04456
-1.04452
-1.04448
-1.04444
-1.04441
-1.04438
-1.04435
-1.04433
-1.04431
-1.04429
-1.04428
-1.04427
-1.04427
-1.04427
-1.04428
-1.04429
-1.0443
-1.04432
-1.04434
-1.04436
-1.04438
-1.04441
-1.04443
-1.04446
-1.04449
-1.04452
-1.04455
-1.04458
-1.04461
-1.04464
-1.04467
-1.0447
-1.04472
-1.04474
-1.04477
-1.04478
-1.0448
-1.04481
-1.04482
-1.04483
-1.04484
-1.04484
-1.04484
-1.04484
-1.04483
-1.04483
-1.04482
-1.0448
-1.04479
-1.04478
-1.04476
-1.04474
-1.04472
-1.04471
-1.04469
-1.04467
-1.04465
-1.04464
-1.04462
-1.04461
-1.0446
-1.04459
-1.04458
-1.04457
-1.04457
-1.04456
-1.04456
-1.04456
-1.04456
-1.04457
-1.04457
-1.04458
-1.04458
-1.04459
-1.0446
-1.04461
-1.04462
-1.04463
-1.04463
-1.04464
-1.04465
-1.04465
-1.04465
-1.04465
-1.04465
-1.04465
-1.04464
-1.04464
-1.04463
-1.04462
-1.04461
-1.0446
-1.04458
-1.04457
-1.04455
-1.04454
-1.04452
-1.0445
-1.04449
-1.04447
-1.04445
-1.04444
-1.04442
-1.0444
-1.04439
-1.04438
-1.04437
-1.04436
-1.04435
-1.04434
-1.04434
-1.04434
-1.04434
-1.04435
-1.04435
-1.04436
-1.04437
-1.04439
-1.04441
-1.04443
-1.04445
-1.04448
-1.04451
-1.04455
-1.04458
-1.04462
-1.04466
-1.0447
-1.04474
-1.04478
-1.04483
-1.04487
-1.04491
-1.04496
-1.045
-1.04504
-1.04508
-1.04512
-1.04516
-1.0452
-1.04523
-1.04526
-1.04529
-1.04532
-1.04534
-1.04536
-1.04538
-1.04539
-1.04541
-1.04541
-1.04542
-1.04542
-1.04542
-1.04542
-1.04542
-1.04541
-1.04541
-1.0454
-1.04538
-1.04537
-1.04536
-1.04534
-1.04533
-1.04531
-1.04529
-1.04527
-1.04526
-1.04524
-1.04522
-1.0452
-1.04519
-1.04517
-1.04515
-1.04514
-1.04512
-1.04511
-1.04509
-1.04508
-1.04507
-1.04505
-1.04504
-1.04503
-1.04501
-1.045
-1.04498
-1.04497
-1.04495
-1.04493
-1.04491
-1.04489
-1.04487
-1.04485
-1.04482
-1.04479
-1.04476
-1.04473
-1.0447
-1.04466
-1.04463
-1.04459
-1.04455
-1.04451
-1.04447
-1.04443
-1.04438
-1.04434
-1.0443
-1.04426
-1.04422
-1.04419
-1.04416
-1.04413
-1.0441
-1.04408
-1.04407
-1.04406
-1.04405
-1.04405
-1.04406
-1.04407
-1.04409
-1.04411
-1.04414
-1.04417
-1.04421
-1.04425
-1.04429
-1.04434
-1.04439
-1.04444
-1.0445
-1.04455
-1.04461
-1.04467
-1.04472
-1.04478
-1.04483
-1.04489
-1.04494
-1.04498
-1.04503
-1.04507
-1.04511
-1.04515
-1.04518
-1.0452
-1.04523
-1.04524
-1.04526
-1.04527
-1.04527
-1.04528
-1.04527
-1.04527
-1.04526
-1.04525
-1.04524
-1.04522
-1.04521
-1.04519
-1.04517
-1.04515
-1.04513
-1.04511
-1.04509
-1.04508
-1.04506
-1.04505
-1.04503
-1.04502
-1.04501
-1.04501
-1.045
-1.045
-1.045
-1.04501
-1.04502
-1.04503
-1.04504
-1.04505
-1.04507
-1.04509
-1.04512
-1.04514
-1.04516
-1.04519
-1.04521
-1.04524
-1.04526
-1.04528
-1.0453
-1.04532
-1.04534
-1.04535
-1.04537
-1.04538
-1.04538
-1.04538
-1.04538
-1.04538
-1.04537
-1.04536
-1.04535
-1.04533
-1.04532
-1.04529
-1.04527
-1.04524
-1.04521
-1.04519
-1.04516
-1.04513
-1.0451
-1.04507
-1.04504
-1.04502
-1.04499
-1.04497
-1.04496
-1.04494
-1.04493
-1.04493
-1.04492
-1.04492
-1.04493
-1.04493
-1.04495
-1.04496
-1.04498
-1.04501
-1.04503
-1.04506
-1.04509
-1.04513
-1.04516
-1.0452
-1.04524
-1.04528
-1.04533
-1.04537
-1.04541
-1.04546
-1.0455
-1.04554
-1.04558
-1.04561
-1.04565
-1.04568
-1.04571
-1.04573
-1.04575
-1.04577
-1.04578
-1.04578
-1.04579
-1.04578
-1.04578
-1.04576
-1.04575
-1.04573
-1.0457
-1.04567
-1.04563
-1.04559
-1.04555
-1.0455
-1.04545
-1.04539
-1.04533
-1.04528
-1.04522
-1.04516
-1.0451
-1.04504
-1.04498
-1.04493
-1.04488
-1.04483
-1.04478
-1.04474
-1.0447
-1.04467
-1.04464
-1.04461
-1.0446
-1.04458
-1.04457
-1.04456
-1.04456
-1.04457
-1.04457
-1.04458
-1.0446
-1.04462
-1.04464
-1.04466
-1.04469
-1.04472
-1.04475
-1.04478
-1.04481
-1.04484
-1.04488
-1.04491
-1.04495
-1.04498
-1.04502
-1.04505
-1.04508
-1.04511
-1.04514
-1.04516
-1.04519
-1.04521
-1.04523
-1.04524
-1.04525
-1.04527
-1.04527
-1.04528
-1.04529
-1.04529
-1.04529
-1.04529
-1.04529
-1.04529
-1.04529
-1.04528
-1.04528
-1.04527
-1.04527
-1.04527
-1.04526
-1.04526
-1.04526
-1.04526
-1.04527
-1.04527
-1.04527
-1.04528
-1.04529
-1.04529
-1.0453
-1.04531
-1.04532
-1.04533
-1.04534
-1.04535
-1.04536
-1.04537
-1.04538
-1.04539
-1.0454
-1.04541
-1.04541
-1.04542
-1.04542
-1.04543
-1.04543
-1.04543
-1.04543
-1.04544
-1.04544
-1.04544
-1.04544
-1.04544
-1.04544
-1.04544
-1.04544
-1.04544
-1.04544
-1.04544
-1.04544
-1.04545
-1.04545
-1.04545
-1.04545
-1.04546
-1.04546
-1.04547
-1.04548
-1.04548
-1.04549
-1.0455
-1.04551
-1.04553
-1.04554
-1.04555
-1.04556
-1.04558
-1.0456
-1.04561
-1.04563
-1.04565
-1.04566
-1.04568
-1.0457
-1.04572
-1.04574
-1.04576
-1.04578
-1.0458
-1.04582
-1.04583
-1.04585
-1.04586
-1.04587
-1.04589
-1.04589
-1.0459
-1.04591
-1.04591
-1.04591
-1.04591
-1.0459
-1.0459
-1.04589
-1.04588
-1.04586
-1.04584
-1.04582
-1.0458
-1.04577
-1.04575
-1.04572
-1.04569
-1.04565
-1.04562
-1.04559
-1.04555
-1.04552
-1.04549
-1.04546
-1.04543
-1.0454
-1.04537
-1.04534
-1.04532
-1.0453
-1.04527
-1.04525
-1.04524
-1.04522
-1.04521
-1.04519
-1.04518
-1.04517
-1.04517
-1.04516
-1.04515
-1.04515
-1.04515
-1.04515
-1.04514
-1.04514
-1.04514
-1.04515
-1.04515
-1.04515
-1.04516
-1.04516
-1.04517
-1.04518
-1.04519
-1.0452
-1.04521
-1.04523
-1.04524
-1.04526
-1.04528
-1.04529
-1.04531
-1.04533
-1.04535
-1.04537
-1.04539
-1.04541
-1.04543
-1.04545
-1.04546
-1.04548
-1.0455
-1.04552
-1.04553
-1.04555
-1.04556
-1.04558
-1.04559
-1.0456
-1.04561
-1.04561
-1.04562
-1.04563
-1.04563
-1.04564
-1.04564
-1.04564
-1.04564
-1.04564
-1.04564
-1.04564
-1.04564
-1.04563
-1.04563
-1.04562
-1.04561
-1.04561
-1.0456
-1.04559
-1.04558
-1.04557
-1.04556
-1.04555
-1.04554
-1.04553
-1.04552
-1.04551
-1.0455
-1.0455
-1.04549
-1.04548
-1.04548
-1.04547
-1.04547
-1.04547
-1.04547
-1.04548
-1.04548
-1.04548
-1.04549
-1.0455
-1.04551
-1.04552
-1.04553
-1.04555
-1.04556
-1.04558
-1.04559
-1.04561
-1.04563
-1.04564
-1.04566
-1.04568
-1.04569
-1.04571
-1.04572
-1.04573
-1.04574
-1.04575
-1.04576
-1.04577
-1.04577
-1.04578
-1.04578
-1.04578
-1.04578
-1.04578
-1.04578
-1.04577
-1.04577
-1.04576
-1.04575
-1.04575
-1.04574
-1.04572
-1.04571
-1.0457
-1.04568
-1.04567
-1.04565
-1.04564
-1.04562
-1.0456
-1.04559
-1.04557
-1.04556
-1.04554
-1.04553
-1.04552
-1.04551
-1.0455
-1.04549
-1.04548
-1.04547
-1.04547
-1.04546
-1.04546
-1.04546
-1.04547
-1.04547
-1.04547
-1.04548
-1.04549
-1.0455
-1.04551
-1.04553
-1.04554
-1.04555
-1.04557
-1.04558
-1.0456
-1.04561
-1.04563
-1.04564
-1.04565
-1.04567
-1.04568
-1.04569
-1.04569
-1.0457
-1.0457
-1.0457
-1.04571
-1.0457
-1.0457
-1.0457
-1.04569
-1.04569
-1.04568
-1.04567
-1.04567
-1.04566
-1.04565
-1.04564
-1.04563
-1.04562
-1.04561
-1.0456
-1.04559
-1.04558
-1.04557
-1.04556
-1.04555
-1.04555
-1.04554
-1.04554
-1.04554
-1.04554
-1.04554
-1.04554
-1.04555
-1.04556
-1.04557
-1.04559
-1.0456
-1.04562
-1.04564
-1.04567
-1.04569
-1.04572
-1.04575
-1.04578
-1.04581
-1.04584
-1.04588
-1.04591
-1.04594
-1.04597
-1.04601
-1.04604
-1.04607
-1.04609
-1.04612
-1.04615
-1.04617
-1.04619
-1.0462
-1.04622
-1.04623
-1.04623
-1.04624
-1.04624
-1.04623
-1.04622
-1.04621
-1.0462
-1.04618
-1.04616
-1.04614
-1.04611
-1.04608
-1.04605
-1.04602
-1.04598
-1.04595
-1.04591
-1.04587
-1.04583
-1.04579
-1.04575
-1.04571
-1.04567
-1.04563
-1.0456
-1.04556
-1.04553
-1.04549
-1.04546
-1.04544
-1.04541
-1.04539
-1.04538
-1.04536
-1.04535
-1.04535
-1.04534
-1.04535
-1.04535
-1.04536
-1.04537
-1.04539
-1.04541
-1.04544
-1.04547
-1.04551
-1.04554
-1.04559
-1.04563
-1.04568
-1.04573
-1.04579
-1.04584
-1.0459
-1.04595
-1.04601
-1.04606
-1.04611
-1.04616
-1.04621
-1.04625
-1.04629
-1.04632
-1.04635
-1.04637
-1.04639
-1.0464
-1.0464
-1.04639
-1.04638
-1.04636
-1.04634
-1.0463
-1.04627
-1.04622
-1.04617
-1.04612
-1.04607
-1.04601
-1.04595
-1.04589
-1.04582
-1.04576
-1.0457
-1.04564
-1.04558
-1.04552
-1.04547
-1.04542
-1.04537
-1.04533
-1.04529
-1.04526
-1.04524
-1.04522
-1.04521
-1.0452
-1.0452
-1.04521
-1.04522
-1.04523
-1.04526
-1.04528
-1.04531
-1.04535
-1.04539
-1.04543
-1.04548
-1.04553
-1.04558
-1.04563
-1.04568
-1.04573
-1.04578
-1.04583
-1.04587
-1.04591
-1.04595
-1.04598
-1.04601
-1.04603
-1.04605
-1.04606
-1.04606
-1.04606
-1.04605
-1.04604
-1.04602
-1.04599
-1.04596
-1.04592
-1.04588
-1.04584
-1.04579
-1.04575
-1.0457
-1.04565
-1.0456
-1.04556
-1.04551
-1.04547
-1.04543
-1.04539
-1.04536
-1.04533
-1.04531
-1.04529
-1.04527
-1.04527
-1.04526
-1.04526
-1.04527
-1.04528
-1.04529
-1.04531
-1.04533
-1.04536
-1.04539
-1.04542
-1.04546
-1.04549
-1.04553
-1.04557
-1.04561
-1.04564
-1.04568
-1.04571
-1.04574
-1.04577
-1.04579
-1.04582
-1.04584
-1.04585
-1.04586
-1.04587
-1.04588
-1.04588
-1.04587
-1.04587
-1.04585
-1.04584
-1.04582
-1.0458
-1.04577
-1.04575
-1.04572
-1.04568
-1.04565
-1.04561
-1.04558
-1.04554
-1.0455
-1.04546
-1.04542
-1.04538
-1.04535
-1.04531
-1.04528
-1.04524
-1.04521
-1.04519
-1.04516
-1.04513
-1.04511
-1.04509
-1.04508
-1.04506
-1.04505
-1.04504
-1.04504
-1.04503
-1.04503
-1.04503
-1.04503
-1.04503
-1.04503
-1.04504
-1.04505
-1.04506
-1.04507
-1.04508
-1.0451
-1.04511
-1.04513
-1.04514
-1.04516
-1.04518
-1.0452
-1.04522
-1.04524
-1.04526
-1.04528
-1.0453
-1.04533
-1.04535
-1.04538
-1.0454
-1.04543
-1.04546
-1.04549
-1.04552
-1.04555
-1.04558
-1.04561
-1.04565
-1.04568
-1.04572
-1.04575
-1.04579
-1.04583
-1.04587
-1.04591
-1.04595
-1.046
-1.04604
-1.04609
-1.04613
-1.04618
-1.04623
-1.04627
-1.04632
-1.04637
-1.04642
-1.04646
-1.0465
-1.04655
-1.04659
-1.04662
-1.04665
-1.04668
-1.04671
-1.04673
-1.04674
-1.04675
-1.04675
-1.04675
-1.04674
-1.04672
-1.0467
-1.04667
-1.04664
-1.0466
-1.04656
-1.04651
-1.04646
-1.0464
-1.04634
-1.04628
-1.04621
-1.04614
-1.04608
-1.04601
-1.04595
-1.04589
-1.04583
-1.04577
-1.04572
-1.04568
-1.04563
-1.0456
-1.04557
-1.04554
-1.04553
-1.04551
-1.04551
-1.04551
-1.04551
-1.04552
-1.04554
-1.04556
-1.04558
-1.04561
-1.04565
-1.04568
-1.04572
-1.04576
-1.0458
-1.04584
-1.04588
-1.04592
-1.04596
-1.046
-1.04604
-1.04607
-1.04611
-1.04613
-1.04616
-1.04618
-1.0462
-1.04622
-1.04623
-1.04623
-1.04624
-1.04624
-1.04623
-1.04622
-1.04621
-1.04619
-1.04617
-1.04615
-1.04612
-1.04609
-1.04606
-1.04603
-1.04599
-1.04595
-1.04591
-1.04587
-1.04583
-1.04579
-1.04575
-1.0457
-1.04566
-1.04562
-1.04557
-1.04554
-1.0455
-1.04546
-1.04543
-1.0454
-1.04538
-1.04536
-1.04534
-1.04533
-1.04532
-1.04532
-1.04532
-1.04533
-1.04534
-1.04536
-1.04538
-1.0454
-1.04543
-1.04547
-1.0455
-1.04554
-1.04558
-1.04563
-1.04567
-1.04572
-1.04577
-1.04582
-1.04587
-1.04592
-1.04596
-1.04601
-1.04606
-1.0461
-1.04614
-1.04619
-1.04623
-1.04627
-1.0463
-1.04634
-1.04637
-1.0464
-1.04643
-1.04646
-1.04648
-1.04651
-1.04652
-1.04654
-1.04656
-1.04657
-1.04658
-1.04658
-1.04659
-1.04659
-1.04659
-1.04659
-1.04659
-1.04658
-1.04657
-1.04657
-1.04656
-1.04655
-1.04654
-1.04653
-1.04652
-1.0465
-1.04649
-1.04648
-1.04647
-1.04646
-1.04645
-1.04644
-1.04643
-1.04641
-1.0464
-1.04639
-1.04638
-1.04637
-1.04636
-1.04636
-1.04635
-1.04634
-1.04633
-1.04632
-1.04631
-1.0463
-1.04629
-1.04628
-1.04627
-1.04626
-1.04625
-1.04624
-1.04622
-1.04621
-1.04619
-1.04617
-1.04615
-1.04613
-1.04611
-1.04609
-1.04607
-1.04605
-1.04602
-1.046
-1.04597
-1.04595
-1.04592
-1.04589
-1.04586
-1.04583
-1.0458
-1.04577
-1.04574
-1.04572
-1.04569
-1.04566
-1.04564
-1.04562
-1.0456
-1.04558
-1.04557
-1.04556
-1.04554
-1.04554
-1.04553
-1.04553
-1.04553
-1.04553
-1.04554
-1.04554
-1.04555
-1.04556
-1.04558
-1.04559
-1.04561
-1.04562
-1.04564
-1.04566
-1.04567
-1.04569
-1.04571
-1.04572
-1.04574
-1.04575
-1.04577
-1.04579
-1.0458
-1.04581
-1.04583
-1.04584
-1.04585
-1.04587
-1.04588
-1.04589
-1.0459
-1.04591
-1.04592
-1.04592
-1.04593
-1.04594
-1.04594
-1.04595
-1.04595
-1.04596
-1.04596
-1.04596
-1.04596
-1.04595
-1.04595
-1.04594
-1.04594
-1.04593
-1.04592
-1.04591
-1.0459
-1.04588
-1.04587
-1.04585
-1.04584
-1.04582
-1.04581
-1.04579
-1.04577
-1.04576
-1.04574
-1.04572
-1.04571
-1.04569
-1.04567
-1.04566
-1.04564
-1.04563
-1.04562
-1.04561
-1.0456
-1.04559
-1.04558
-1.04558
-1.04557
-1.04557
-1.04557
-1.04557
-1.04557
-1.04557
-1.04558
-1.04558
-1.04559
-1.0456
-1.04561
-1.04562
-1.04563
-1.04564
-1.04565
-1.04566
-1.04567
-1.04568
-1.04568
-1.04569
-1.0457
-1.0457
-1.04571
-1.04571
-1.04572
-1.04573
-1.04573
-1.04574
-1.04574
-1.04575
-1.04576
-1.04576
-1.04577
-1.04578
-1.04579
-1.04579
-1.0458
-1.04581
-1.04582
-1.04582
-1.04583
-1.04584
-1.04585
-1.04586
-1.04587
-1.04588
-1.04589
-1.0459
-1.04591
-1.04592
-1.04593
-1.04595
-1.04596
-1.04598
-1.04599
-1.04601
-1.04603
-1.04605
-1.04608
-1.04611
-1.04614
-1.04617
-1.04621
-1.04624
-1.04628
-1.04632
-1.04636
-1.04641
-1.04645
-1.04649
-1.04654
-1.04658
-1.04663
-1.04667
-1.04671
-1.04675
-1.04679
-1.04683
-1.04686
-1.04689
-1.04692
-1.04695
-1.04697
-1.04699
-1.04701
-1.04703
-1.04704
-1.04704
-1.04705
-1.04705
-1.04705
-1.04705
-1.04704
-1.04704
-1.04703
-1.04702
-1.047
-1.04699
-1.04698
-1.04696
-1.04694
-1.04693
-1.04691
-1.04689
-1.04687
-1.04686
-1.04684
-1.04682
-1.04681
-1.0468
-1.04678
-1.04677
-1.04675
-1.04674
-1.04673
-1.04672
-1.04671
-1.0467
-1.0467
-1.04669
-1.04669
-1.04668
-1.04668
-1.04668
-1.04668
-1.04668
-1.04668
-1.04668
-1.04668
-1.04669
-1.04669
-1.0467
-1.0467
-1.0467
-1.04671
-1.04671
-1.04671
-1.04672
-1.04672
-1.04672
-1.04672
-1.04672
-1.04671
-1.04671
-1.0467
-1.04669
-1.04668
-1.04667
-1.04666
-1.04665
-1.04663
-1.04661
-1.04659
-1.04657
-1.04655
-1.04652
-1.0465
-1.04647
-1.04644
-1.04642
-1.04639
-1.04636
-1.04633
-1.0463
-1.04628
-1.04625
-1.04623
-1.04621
-1.04619
-1.04618
-1.04616
-1.04615
-1.04614
-1.04614
-1.04614
-1.04614
-1.04614
-1.04614
-1.04615
-1.04616
-1.04616
-1.04618
-1.04619
-1.0462
-1.04622
-1.04624
-1.04626
-1.04628
-1.0463
-1.04632
-1.04634
-1.04636
-1.04639
-1.04641
-1.04643
-1.04645
-1.04647
-1.04649
-1.04651
-1.04653
-1.04654
-1.04656
-1.04657
-1.04659
-1.0466
-1.04661
-1.04662
-1.04663
-1.04663
-1.04664
-1.04664
-1.04665
-1.04665
-1.04665
-1.04665
-1.04665
-1.04665
-1.04665
-1.04665
-1.04665
-1.04665
-1.04664
-1.04664
-1.04664
-1.04663
-1.04663
-1.04662
-1.04662
-1.04661
-1.0466
-1.0466
-1.04659
-1.04659
-1.04658
-1.04658
-1.04657
-1.04657
-1.04657
-1.04656
-1.04656
-1.04656
-1.04656
-1.04656
-1.04655
-1.04655
-1.04655
-1.04655
-1.04654
-1.04654
-1.04654
-1.04653
-1.04653
-1.04652
-1.04651
-1.0465
-1.04648
-1.04647
-1.04645
-1.04643
-1.04641
-1.04638
-1.04636
-1.04633
-1.0463
-1.04627
-1.04624
-1.04622
-1.04619
-1.04616
-1.04614
-1.04612
-1.04611
-1.04609
-1.04608
-1.04607
-1.04607
-1.04607
-1.04608
-1.04609
-1.0461
-1.04612
-1.04614
-1.04616
-1.04618
-1.04621
-1.04625
-1.04628
-1.04632
-1.04636
-1.0464
-1.04644
-1.04649
-1.04653
-1.04658
-1.04663
-1.04668
-1.04672
-1.04677
-1.04682
-1.04686
-1.04691
-1.04695
-1.04699
-1.04703
-1.04706
-1.04709
-1.04712
-1.04715
-1.04717
-1.04719
-1.0472
-1.04722
-1.04723
-1.04724
-1.04724
-1.04724
-1.04724
-1.04724
-1.04723
-1.04722
-1.04721
-1.0472
-1.04718
-1.04716
-1.04714
-1.04712
-1.04709
-1.04707
-1.04704
-1.04701
-1.04697
-1.04694
-1.0469
-1.04686
-1.04682
-1.04678
-1.04674
-1.0467
-1.04666
-1.04662
-1.04659
-1.04655
-1.04652
-1.04648
-1.04645
-1.04643
-1.0464
-1.04638
-1.04637
-1.04635
-1.04634
-1.04633
-1.04633
-1.04633
-1.04633
-1.04633
-1.04633
-1.04634
-1.04635
-1.04635
-1.04636
-1.04637
-1.04638
-1.04639
-1.04639
-1.0464
-1.04641
-1.04641
-1.04641
-1.04642
-1.04642
-1.04642
-1.04642
-1.04642
-1.04642
-1.04643
-1.04643
-1.04643
-1.04644
-1.04644
-1.04645
-1.04645
-1.04646
-1.04647
-1.04648
-1.04649
-1.0465
-1.04651
-1.04652
-1.04654
-1.04656
-1.04658
-1.0466
-1.04663
-1.04666
-1.04669
-1.04673
-1.04677
-1.04681
-1.04686
-1.04691
-1.04696
-1.04702
-1.04707
-1.04714
-1.0472
-1.04726
-1.04733
-1.0474
-1.04746
-1.04752
-1.04759
-1.04765
-1.0477
-1.04775
-1.0478
-1.04784
-1.04788
-1.0479
-1.04793
-1.04794
-1.04795
-1.04795
-1.04794
-1.04793
-1.0479
-1.04787
-1.04783
-1.04778
-1.04773
-1.04767
-1.0476
-1.04753
-1.04745
-1.04736
-1.04727
-1.04718
-1.04708
-1.04697
-1.04687
-1.04676
-1.04665
-1.04653
-1.04642
-1.0463
-1.04618
-1.04606
-1.04595
-1.04583
-1.04572
-1.04561
-1.0455
-1.0454
-1.0453
-1.0452
-1.04511
-1.04502
-1.04493
-1.04485
-1.04477
-1.04469
-1.04462
-1.04455
-1.04448
-1.04442
-1.04436
-1.0443
-1.04424
-1.04418
-1.04412
-1.04407
-1.04401
-1.04396
-1.0439
-1.04384
-1.04379
-1.04373
-1.04367
-1.04361
-1.04355
-1.04349
-1.04343
-1.04337
-1.04331
-1.04325
-1.04319
-1.04313
-1.04307
-1.04301
-1.04295
-1.04289
-1.04283
-1.04278
-1.04272
-1.04267
-1.04261
-1.04256
-1.04252
-1.04247
-1.04243
-1.04238
-1.04234
-1.04231
-1.04227
-1.04224
-1.0422
-1.04217
-1.04214
-1.04211
-1.04208
-1.04206
-1.04203
-1.042
-1.04197
-1.04194
-1.04191
-1.04187
-1.04184
-1.0418
-1.04176
-1.04172
-1.04167
-1.04162
-1.04157
-1.04151
-1.04145
-1.04138
-1.0413
-1.04122
-1.04114
-1.04104
-1.04094
-1.04084
-1.04072
-1.0406
-1.04048
-1.04034
-1.0402
-1.04006
-1.03991
-1.03975
-1.03959
-1.03942
-1.03925
-1.03908
-1.0389
-1.03872
-1.03854
-1.03835
-1.03816
-1.03797
-1.03779
-1.0376
-1.03741
-1.03722
-1.03703
-1.03684
-1.03665
-1.03647
-1.03629
-1.03611
-1.03593
-1.03576
-1.03559
-1.03542
-1.03526
-1.0351
-1.03495
-1.0348
-1.03465
-1.03451
-1.03437
-1.03423
-1.0341
-1.03397
-1.03384
-1.03371
-1.03358
-1.03345
-1.03332
-1.03319
-1.03306
-1.03292
-1.03279
-1.03265
-1.03251
-1.03237
-1.03222
-1.03208
-1.03193
-1.03178
-1.03162
-1.03147
-1.03132
-1.03116
-1.031
-1.03084
-1.03068
-1.03051
-1.03035
-1.03018
-1.03001
-1.02983
-1.02966
-1.02949
-1.02931
-1.02913
-1.02895
-1.02876
-1.02858
-1.0284
-1.02821
-1.02803
-1.02784
-1.02765
-1.02747
-1.02728
-1.02709
-1.02691
-1.02672
-1.02654
-1.02636
-1.02618
-1.026
-1.02582
-1.02564
-1.02547
-1.0253
-1.02513
-1.02496
-1.02479
-1.02463
-1.02447
-1.0243
-1.02414
-1.02398
-1.02382
-1.02366
-1.0235
-1.02334
-1.02318
-1.02302
-1.02286
-1.0227
-1.02255
-1.02239
-1.02223
-1.02207
-1.02191
-1.02175
-1.02159
-1.02143
-1.02127
-1.02111
-1.02095
-1.02079
-1.02063
-1.02047
-1.02032
-1.02016
-1.02
-1.01984
-1.01969
-1.01954
-1.01938
-1.01923
-1.01908
-1.01893
-1.01878
-1.01864
-1.01849
-1.01835
-1.01821
-1.01807
-1.01793
-1.01779
-1.01766
-1.01752
-1.01738
-1.01724
-1.0171
-1.01696
-1.01681
-1.01667
-1.01652
-1.01637
-1.01621
-1.01606
-1.0159
-1.01574
-1.01557
-1.0154
-1.01523
-1.01506
-1.01488
-1.0147
-1.01452
-1.01434
-1.01415
-1.01397
-1.01378
-1.01359
-1.0134
-1.01321
-1.01302
-1.01283
-1.01264
-1.01245
-1.01227
-1.01209
-1.01191
-1.01173
-1.01156
-1.0114
-1.01123
-1.01107
-1.01092
-1.01077
-1.01063
-1.01049
-1.01036
-1.01024
-1.01012
-1.01001
-1.0099
-1.00979
-1.00969
-1.0096
-1.00951
-1.00942
-1.00933
-1.00925
-1.00917
-1.0091
-1.00902
-1.00894
-1.00887
-1.00879
-1.00872
-1.00865
-1.00857
-1.00849
-1.00841
-1.00833
-1.00825
-1.00817
-1.00808
-1.00799
-1.00791
-1.00782
-1.00773
-1.00764
-1.00755
-1.00746
-1.00737
-1.00727
-1.00718
-1.00709
-1.007
-1.00691
-1.00682
-1.00673
-1.00665
-1.00656
-1.00648
-1.00639
-1.00631
-1.00624
-1.00616
-1.00608
-1.00601
-1.00594
-1.00587
-1.0058
-1.00573
-1.00567
-1.0056
-1.00554
-1.00547
-1.00541
-1.00535
-1.00529
-1.00523
-1.00518
-1.00512
-1.00507
-1.00502
-1.00498
-1.00494
-1.0049
-1.00486
-1.00483
-1.00481
-1.00479
-1.00477
-1.00476
-1.00475
-1.00475
-1.00475
-1.00475
-1.00476
-1.00477
-1.00479
-1.00481
-1.00483
-1.00486
-1.00489
-1.00492
-1.00495
-1.00499
-1.00503
-1.00507
-1.00511
-1.00516
-1.00521
-1.00525
-1.0053
-1.00535
-1.00539
-1.00544
-1.00548
-1.00552
-1.00556
-1.00559
-1.00562
-1.00565
-1.00567
-1.00569
-1.00569
-1.0057
-1.00569
-1.00568
-1.00567
-1.00564
-1.00561
-1.00558
-1.00554
-1.00549
-1.00544
-1.00538
-1.00531
-1.00524
-1.00517
-1.00509
-1.00501
-1.00493
-1.00485
-1.00476
-1.00468
-1.00459
-1.0045
-1.00441
-1.00432
-1.00422
-1.00413
-1.00404
-1.00395
-1.00385
-1.00375
-1.00366
-1.00356
-1.00346
-1.00335
-1.00325
-1.00314
-1.00303
-1.00292
-1.00281
-1.00269
-1.00257
-1.00245
-1.00232
-1.00219
-1.00207
-1.00194
-1.0018
-1.00167
-1.00154
-1.0014
-1.00126
-1.00112
-1.00098
-1.00084
-1.0007
-1.00055
-1.0004
-1.00025
-1.00009
-0.999937
-0.999778
-0.999617
-0.999455
-0.99929
-0.999124
-0.998957
-0.998788
-0.998619
-0.99845
-0.998281
-0.998114
-0.997948
-0.997783
-0.997621
-0.997462
-0.997306
-0.997153
-0.997005
-0.996861
-0.996722
-0.996589
-0.996462
-0.99634
-0.996224
-0.996115
-0.996011
-0.995913
-0.995821
-0.995735
-0.995655
-0.995582
-0.995514
-0.995451
-0.995394
-0.995341
-0.995293
-0.99525
-0.995211
-0.995176
-0.995145
-0.995118
-0.995094
-0.995072
-0.995052
-0.995035
-0.995018
-0.995003
-0.994989
-0.994976
-0.994963
-0.994951
-0.994939
-0.994926
-0.994913
-0.994899
-0.994884
-0.994868
-0.994852
-0.994834
-0.994817
-0.994798
-0.994778
-0.994759
-0.994739
-0.994719
-0.994699
-0.99468
-0.994662
-0.994646
-0.99463
-0.994616
-0.994603
-0.994592
-0.994582
-0.994574
-0.994567
-0.994562
-0.99456
-0.994561
-0.994564
-0.994569
-0.994577
-0.994587
-0.994599
-0.994614
-0.994631
-0.99465
-0.994671
-0.994694
-0.994719
-0.994746
-0.994773
-0.994802
-0.994831
-0.99486
-0.99489
-0.99492
-0.994951
-0.99498
-0.995009
-0.995037
-0.995063
-0.995088
-0.995111
-0.995132
-0.995152
-0.99517
-0.995187
-0.995202
-0.995216
-0.99523
-0.995242
-0.995253
-0.995264
-0.995274
-0.995285
-0.995296
-0.995307
-0.995318
-0.99533
-0.995342
-0.995354
-0.995366
-0.995379
-0.995393
-0.995408
-0.995423
-0.995439
-0.995455
-0.995472
-0.99549
-0.995507
-0.995525
-0.995544
-0.995564
-0.995586
-0.995608
-0.995631
-0.995656
-0.995682
-0.995709
-0.995738
-0.995769
-0.995803
-0.995839
-0.995877
-0.995919
-0.995962
-0.996008
-0.996055
-0.996104
-0.996154
-0.996205
-0.996256
-0.996308
-0.99636
-0.996411
-0.996462
-0.996513
-0.996563
-0.996611
-0.99666
-0.996707
-0.996755
-0.996802
-0.996849
-0.996895
-0.996939
-0.996983
-0.997025
-0.997065
-0.997103
-0.99714
-0.997174
-0.997206
-0.997235
-0.997261
-0.997283
-0.9973
-0.997312
-0.997319
-0.99732
-0.997315
-0.997302
-0.997283
-0.997255
-0.997219
-0.997173
-0.997118
-0.997053
-0.996977
-0.996889
-0.99679
-0.996678
-0.996552
-0.99641
-0.996249
-0.996067
-0.99586
-0.995622
-0.995347
-0.995026
-0.99465
-0.994207
-0.993683
-0.993062
-0.992328
-0.99146
-0.990439
-0.989243
-0.987851
-0.98624
-0.984388
-0.982273
-0.979872
-0.977166
-0.974133
-0.970755
-0.967013
-0.962893
-0.958379
-0.95346
-0.948126
-0.942369
-0.936184
-0.929568
-0.92252
-0.915041
-0.907137
-0.898814
-0.890082
-0.880954
-0.871444
-0.861569
-0.85135
-0.840806
-0.829962
-0.818843
-0.807474
-0.795886
-0.784108
-0.77217
-0.760105
-0.747945
-0.735723
-0.723472
-0.711224
-0.699013
-0.686871
-0.67483
-0.662922
-0.651177
-0.639626
-0.628296
-0.617215
-0.606408
-0.595899
-0.585712
-0.575868
-0.566387
-0.557289
-0.548591
-0.540308
-0.532456
-0.525045
-0.518088
-0.511594
-0.505571
-0.500028
-0.49497
-0.490402
-0.486326
-0.482744
-0.479657
-0.477063
-0.47496
-0.473344
-0.472211
-0.471556
-0.471372
-0.471654
-0.472393
-0.473579
-0.475203
-0.477253
-0.479718
-0.482587
-0.485846
-0.489481
-0.49348
-0.497827
-0.502505
-0.507497
-0.512784
-0.518345
-0.52416
-0.530208
-0.536467
-0.542914
-0.549528
-0.556284
-0.563162
-0.570136
-0.577185
-0.584284
-0.591411
-0.598545
-0.605664
-0.612748
-0.619774
-0.626723
-0.633571
-0.640298
-0.646878
-0.65329
-0.659509
-0.66551
-0.671265
-0.676744
-0.681911
-0.686722
-0.691126
-0.695064
-0.698464
-0.70125
-0.703331
-0.704612
-0.704986
-0.70434
-0.702553
-0.699501
-0.695052
-0.689076
-0.681439
-0.672008
-0.660652
-0.647241
-0.63165
-0.613756
-0.593445
-0.570605
-0.545134
-0.516941
-0.485942
-0.452069
-0.415263
-0.375481
-0.332693
-0.286883
-0.238049
-0.186207
-0.131384
-0.0736263
-0.0129942
0.0504336
0.116562
0.18528
0.256457
0.329951
0.405602
0.483237
0.562668
0.643698
0.726117
0.809707
0.894241
0.979487
1.06521
1.15116
1.23711
1.32281
1.40803
1.49253
1.57607
1.65843
1.73939
1.81873
1.89626
1.97178
2.04511
2.11608
2.18453
2.25031
2.31329
2.37335
2.43039
2.48432
2.53504
2.58251
2.62666
2.66745
2.70485
2.73884
2.7694
2.79655
2.82027
2.84059
2.85754
2.87113
2.88141
2.88843
2.89223
2.89289
2.89046
2.88501
2.87663
2.86539
2.85138
2.83469
2.81542
2.79365
2.7695
2.74305
2.71443
2.68372
2.65103
2.61646
2.58011
2.54207
2.50245
2.46133
2.41881
2.37496
2.32987
2.28363
2.23631
2.18799
2.13872
2.08859
2.03766
1.98599
1.93364
1.88069
1.82719
1.77322
1.71882
1.66407
1.60904
1.55377
1.49833
1.4428
1.38722
1.33167
1.27621
1.2209
1.16579
1.11094
1.05642
1.00226
0.948526
0.895251
0.842481
0.790256
0.738613
0.687584
0.637199
0.587486
0.538468
0.490165
0.442597
0.395783
0.349739
0.304482
0.26003
0.216399
0.173607
0.13167
0.0906042
0.0504261
0.0111517
-0.0272029
-0.0646221
-0.10109
-0.136592
-0.171112
-0.204638
-0.237158
-0.268664
-0.299149
-0.32861
-0.357044
-0.384455
-0.410844
-0.436218
-0.460586
-0.483956
-0.506343
-0.527761
-0.548227
-0.567759
-0.586376
-0.604096
-0.620938
-0.63692
-0.652057
-0.666366
-0.679861
-0.692557
-0.704468
-0.715606
-0.725984
-0.735615
-0.744509
-0.752677
-0.760129
-0.766875
-0.772925
-0.778293
-0.782992
-0.787036
-0.790445
-0.793236
-0.79543
-0.797048
-0.798111
-0.798643
-0.798667
-0.798208
-0.79729
-0.79594
-0.794185
-0.792052
-0.789566
-0.786751
-0.783629
-0.780222
-0.776548
-0.772622
-0.768461
-0.764079
-0.759489
-0.754703
-0.749733
-0.744588
-0.739279
-0.733811
-0.728193
-0.722431
-0.716533
-0.710507
-0.704364
-0.698115
-0.691771
-0.685347
-0.678857
-0.672317
-0.665741
-0.659148
-0.652553
-0.645976
-0.639433
-0.632944
-0.626526
-0.620197
-0.613973
-0.607867
-0.601889
-0.596049
-0.59035
-0.584792
-0.57937
-0.574073
-0.568887
-0.563792
-0.558763
-0.553775
-0.548804
-0.543827
-0.538825
-0.533788
-0.528711
-0.523595
-0.518447
-0.51328
-0.508109
-0.502954
-0.497838
-0.492784
-0.48782
-0.482972
-0.478268
-0.47373
-0.469377
-0.46522
-0.461262
-0.457493
-0.453898
-0.450449
-0.447115
-0.443854
-0.440624
-0.437378
-0.434064
-0.43063
-0.427019
-0.423176
-0.419046
-0.414574
-0.409715
-0.404429
-0.398685
-0.392465
-0.385759
-0.378565
-0.370892
-0.362752
-0.354166
-0.34516
-0.335762
-0.326007
-0.315934
-0.305583
-0.294998
-0.284223
-0.273297
-0.26226
-0.251142
-0.239971
-0.228768
-0.217548
-0.206326
-0.19511
-0.183908
-0.172727
-0.161572
-0.150447
-0.139354
-0.128295
-0.117274
-0.106298
-0.0953757
-0.0845228
-0.07376
-0.063114
-0.0526166
-0.0423035
-0.0322133
-0.022387
-0.012867
-0.00369642
0.00508061
0.0134198
0.0212769
0.0286088
0.0353749
0.0415388
0.0470701
0.0519454
0.0561495
0.0596756
0.0625249
0.0647049
0.0662287
0.0671136
0.0673811
0.0670562
0.0661668
0.0647433
0.062818
0.0604246
0.0575963
0.0543643
0.0507564
0.046796
0.0425016
0.0378875
0.0329638
0.0277377
0.0222153
0.0164016
0.0103017
0.00392052
-0.00273706
-0.00966531
-0.0168574
-0.0243046
-0.0319949
-0.039911
-0.0480284
-0.0563151
-0.0647312
-0.0732299
-0.081758
-0.090258
-0.0986692
-0.106929
-0.114975
-0.122742
-0.130164
-0.137173
-0.143703
-0.149686
-0.155059
-0.159761
-0.163738
-0.166943
-0.169337
-0.170887
-0.171562
-0.171341
-0.170201
-0.168121
-0.165084
-0.161071
-0.156067
-0.150062
-0.143046
-0.135012
-0.125956
-0.115871
-0.104752
-0.0925888
-0.0793708
-0.065085
-0.049719
-0.0332619
-0.0157067
0.00294946
0.0227037
0.0435482
0.0654707
0.0884552
0.112482
0.137526
0.163559
0.190543
0.218436
0.247183
0.276724
0.306988
0.337899
0.369378
0.401343
0.433713
0.466405
0.499339
0.532434
0.565608
0.59878
0.631873
0.664811
0.697524
0.729952
0.76204
0.793744
0.825029
0.855868
0.886238
0.916121
0.945504
0.974376
1.00273
1.03056
1.05788
1.08468
1.11097
1.13677
1.16207
1.1869
1.21124
1.2351
1.25848
1.28138
1.30378
1.32569
1.3471
1.36803
1.38846
1.4084
1.42786
1.44682
1.46529
1.48328
1.50077
1.51779
1.53435
1.55046
1.56614
1.58142
1.59631
1.61084
1.62504
1.63891
1.65247
1.66576
1.67877
1.69153
1.70405
1.71634
1.72841
1.74025
1.75186
1.76321
1.7743
1.78509
1.79555
1.80566
1.8154
1.82472
1.83359
1.84199
1.84987
1.8572
1.86394
1.87006
1.87553
1.88033
1.88444
1.88785
1.89057
1.89258
1.89389
1.8945
1.89443
1.89367
1.89225
1.89018
1.88747
1.88416
1.88027
1.87582
1.87084
1.86532
1.8593
1.85278
1.84577
1.83827
1.83029
1.82184
1.81293
1.80357
1.79376
1.78352
1.77284
1.76175
1.75026
1.73838
1.72615
1.71359
1.70075
1.68767
1.6744
1.66099
1.64749
1.63397
1.62047
1.60705
1.59378
1.58072
1.56792
1.55545
1.54336
1.53171
1.52054
1.50989
1.49979
1.49027
1.48134
1.47302
1.46532
1.45826
1.45183
1.44603
1.44084
1.43624
1.43221
1.42872
1.42573
1.42321
1.42113
1.41945
1.41815
1.41718
1.41652
1.41613
1.41597
1.416
1.41619
1.41652
1.41695
1.41746
1.41803
1.41864
1.41926
1.41988
1.42045
1.42096
1.42138
1.42167
1.42182
1.42181
1.42159
1.42116
1.42049
1.41954
1.41828
1.41669
1.41474
1.41241
1.40966
1.40649
1.40289
1.39885
1.39437
1.38945
1.38409
1.3783
1.37209
1.36547
1.35848
1.35114
1.34348
1.33555
1.32738
1.31902
1.31049
1.30184
1.29311
1.28433
1.27553
1.26677
1.25807
1.24947
1.24101
1.23272
1.22461
1.21672
1.20907
1.20167
1.19454
1.1877
1.18118
1.17498
1.16915
1.16369
1.15862
1.15396
1.14974
1.14596
1.14267
1.13987
1.13762
1.13593
1.13484
1.13439
1.13461
1.13553
1.13718
1.13957
1.14274
1.1467
1.15148
1.15709
1.16354
1.17084
1.17898
1.18795
1.19774
1.20832
1.21966
1.23174
1.24453
1.25799
1.27208
1.28678
1.30202
1.31778
1.33399
1.35062
1.36762
1.38494
1.40256
1.42043
1.43853
1.45681
1.47527
1.49385
1.51254
1.5313
1.55012
1.56898
1.58786
1.60675
1.62563
1.64448
1.66329
1.68203
1.70069
1.71924
1.73765
1.75589
1.77396
1.79181
1.80943
1.82679
1.84386
1.86062
1.87702
1.89304
1.90866
1.92384
1.93858
1.95285
1.96665
1.97996
1.99277
2.00508
2.01689
2.02819
2.03899
2.0493
2.05914
2.06851
2.07745
2.08596
2.09407
2.10179
2.10914
2.11614
2.12279
2.12911
2.13511
2.14082
2.14624
2.15137
2.15623
2.16081
2.1651
2.1691
2.17282
2.17623
2.17934
2.18216
2.18466
2.18686
2.18874
2.19031
2.19156
2.19249
2.1931
2.19341
2.19343
2.19317
2.19266
2.19191
2.19095
2.18979
2.18846
2.18698
2.18538
2.18369
2.18195
2.18017
2.1784
2.17667
2.17499
2.17339
2.1719
2.17052
2.16929
2.16822
2.16733
2.16663
2.16614
2.16588
2.16585
2.16606
2.16651
2.1672
2.16814
2.16933
2.17077
2.17246
2.1744
2.17659
2.17901
2.18165
2.18451
2.18756
2.19079
2.19419
2.19775
2.20144
2.20527
2.2092
2.21323
2.21734
2.22151
2.22575
2.23005
2.23439
2.2388
2.24328
2.24783
2.25248
2.25722
2.26208
2.26707
2.27221
2.27753
2.28305
2.28878
2.29476
2.30099
2.30749
2.31427
2.32133
2.32868
2.33631
2.34421
2.35238
2.36081
2.36947
2.37835
2.38742
2.39664
2.40598
2.41542
2.42491
2.43442
2.44394
2.45342
2.46284
2.47217
2.4814
2.4905
2.49946
2.50826
2.5169
2.52538
2.5337
2.54186
2.54988
2.55776
2.5655
2.57312
2.58062
2.58801
2.59531
2.60252
2.60964
2.61669
2.62366
2.63054
2.63732
2.644
2.65056
2.65699
2.66327
2.66938
2.67532
2.68105
2.68656
2.69183
2.69685
2.70159
2.70604
2.7102
2.71407
2.71764
2.72092
2.72391
2.72663
2.72908
2.73129
2.73326
2.73502
2.7366
2.73802
2.7393
2.74047
2.74156
2.74258
2.74355
2.74448
2.7454
2.7463
2.7472
2.7481
2.74901
2.74992
2.75082
2.75171
2.75258
2.7534
2.75417
2.75487
2.7555
2.75604
2.75648
2.75682
2.75704
2.75715
2.75713
2.757
2.75675
2.75639
2.75595
2.75542
2.75484
2.75421
2.75355
2.75288
2.75222
2.75158
2.75099
2.75045
2.74999
2.74961
2.74933
2.74914
2.74905
2.74905
2.74913
2.74928
2.7495
2.74978
2.75008
2.75041
2.75074
2.75104
2.75131
2.75152
2.75165
2.75169
2.75164
2.75148
2.75122
2.75086
2.75038
2.74981
2.74915
2.74841
2.74759
2.74674
2.74585
2.74496
2.74408
2.74324
2.74245
2.74172
2.74108
2.74053
2.74008
2.73974
2.73952
2.73942
2.73944
2.73957
2.7398
2.74011
2.7405
2.74094
2.74143
2.74195
2.74249
2.74303
2.74357
2.74408
2.74456
2.745
2.74539
2.74575
2.74607
2.74635
2.74662
2.74689
2.74716
2.74745
2.74778
2.74817
2.74863
2.74918
2.74985
2.75064
2.75158
2.75268
2.75395
2.75538
2.75698
2.75876
2.76069
2.76279
2.76503
2.76742
2.76993
2.77254
2.77524
2.77801
2.78082
2.78366
2.78651
2.78936
2.79219
2.795
2.79777
2.8005
2.80318
2.80582
2.80841
2.81096
2.81348
2.81598
2.81848
2.82099
2.82351
2.82607
2.82867
2.83132
2.83402
2.8368
2.83965
2.84258
2.84559
2.84867
2.85182
2.85502
2.85827
2.86155
2.86484
2.86813
2.87139
2.87463
2.8778
2.88091
2.88392
2.88683
2.88961
2.89227
2.89479
2.89717
2.89941
2.90151
2.90348
2.90534
2.90707
2.90871
2.91025
2.91172
2.91314
2.91451
2.91586
2.91721
2.91856
2.91992
2.92131
2.92272
2.92417
2.92564
2.92714
2.92867
2.93022
2.93178
2.93334
2.93488
2.93639
2.93786
2.93927
2.9406
2.94186
2.94302
2.94408
2.94503
2.94588
2.94661
2.94723
2.94774
2.94814
2.94845
2.94869
2.94886
2.94898
2.94906
2.94913
2.94919
2.94925
2.94934
2.94945
2.94962
2.94983
2.95011
2.95045
2.95085
2.95131
2.95182
2.95237
2.95295
2.95355
2.95416
2.95476
2.95533
2.95588
2.95637
2.9568
2.95716
2.95742
2.95759
2.95766
2.95764
2.95751
2.9573
2.957
2.95662
2.95617
2.95567
2.95512
2.95455
2.95397
2.95339
2.95284
2.95234
2.95188
2.95149
2.95117
2.95092
2.95077
2.95069
2.95072
2.95083
2.95103
2.95132
2.95169
2.95213
2.95264
2.95321
2.95383
2.9545
2.95522
2.95598
2.9568
2.95766
2.95857
2.95953
2.96055
2.96164
2.96279
2.96402
2.96535
2.96677
2.96828
2.9699
2.97162
2.97344
2.97534
2.97733
2.97939
2.98152
2.98368
2.98588
2.98809
2.99028
2.99244
2.99454
2.99656
2.99848
3.00029
3.00197
3.00351
3.00492
3.00617
3.00728
3.00825
3.00908
3.00979
3.0104
3.01093
3.01141
3.01185
3.01229
3.01274
3.01324
3.0138
3.01444
3.01519
3.01605
3.01704
3.01817
3.01944
3.02085
3.0224
3.02406
3.02582
3.02767
3.02958
3.03152
3.03349
3.03545
3.03737
3.03923
3.04101
3.04269
3.04425
3.04567
3.04696
3.04812
3.04915
3.05006
3.05086
3.05158
3.05224
3.05285
3.05344
3.05404
3.05468
3.05538
3.05617
3.05707
3.05809
3.05925
3.06054
3.06196
3.06351
3.06516
3.06691
3.06873
3.07058
3.07244
3.07426
3.07602
3.07766
3.07916
3.08047
3.08157
3.08243
3.08304
3.08337
3.08344
3.08323
3.08276
3.08203
3.08108
3.07993
3.07861
3.07717
3.07565
3.0741
3.07255
3.07106
3.06965
3.06837
3.06725
3.06631
3.06558
3.06508
3.0648
3.06476
3.06494
3.06532
3.06589
3.0666
3.06742
3.06833
3.06927
3.07022
3.07113
3.07196
3.07269
3.07328
3.07369
3.07392
3.07394
3.07376
3.07337
3.07279
3.07203
3.07112
3.07007
3.06891
3.06768
3.06642
3.06516
3.06393
3.06278
3.06174
3.06083
3.06008
3.0595
3.05911
3.0589
3.05887
3.05902
3.05932
3.05975
3.06029
3.06091
3.06156
3.06222
3.06285
3.0634
3.06384
3.06414
3.06429
3.06425
3.06401
3.06357
3.06292
3.06208
3.06105
3.05985
3.05852
3.05708
3.05559
3.05409
3.05261
3.05122
3.04995
3.04886
3.04797
3.04734
3.04699
3.04696
3.04727
3.04795
3.04901
3.05044
3.05225
3.05442
3.05695
3.0598
3.06296
3.0664
3.07009
3.07399
3.07807
3.0823
3.08665
3.09109
3.09558
3.10011
3.10467
3.10924
3.11383
3.11844
3.12307
3.12775
3.13249
3.13732
3.14226
3.14735
3.15262
3.1581
3.16382
3.16981
3.1761
3.18272
3.18966
3.19694
3.20456
3.21251
3.22078
3.22935
3.23819
3.24726
3.25653
3.26593
3.27543
3.28496
3.29446
3.30389
3.31318
3.32229
3.33117
3.33979
3.34812
3.35614
3.36383
3.37121
3.37827
3.38504
3.39155
3.39783
3.40394
3.40993
3.41584
3.42174
3.42768
3.4337
3.43987
3.44623
3.45281
3.45965
3.46676
3.47415
3.48183
3.48978
3.49797
3.50637
3.51493
3.5236
3.53232
3.54103
3.54966
3.55814
3.56641
3.57439
3.58203
3.58927
3.59606
3.60237
3.60817
3.61344
3.61818
3.6224
3.6261
3.6293
3.63205
3.63437
3.63631
3.63791
3.63923
3.6403
3.64118
3.64191
3.64252
3.64305
3.6435
3.6439
3.64425
3.64455
3.64477
3.64491
3.64493
3.6448
3.64447
3.64391
3.64305
3.64187
3.64031
3.63834
3.63593
3.63304
3.62966
3.62579
3.62142
3.61657
3.61126
3.60551
3.59937
3.5929
3.58615
3.57918
3.57207
3.56489
3.55771
3.55059
3.54362
3.53684
3.53032
3.5241
3.51823
3.51273
3.50764
3.50297
3.49872
3.49487
3.49143
3.48835
3.48561
3.48316
3.48097
3.47898
3.47713
3.47538
3.47367
3.47195
3.47016
3.46825
3.46618
3.46393
3.46145
3.45874
3.45578
3.45256
3.44909
3.44538
3.44145
3.43731
3.43302
3.42859
3.42407
3.4195
3.41493
3.4104
3.40597
3.40165
3.39751
3.39356
3.38983
3.38635
3.38314
3.3802
3.37754
3.37517
3.37307
3.37123
3.36964
3.36828
3.36711
3.36612
3.36529
3.36458
3.36398
3.36346
3.363
3.3626
3.36223
3.3619
3.36159
3.36131
3.36106
3.36085
3.36069
3.36061
3.3606
3.3607
3.3609
3.36124
3.3617
3.36231
3.36307
3.36397
3.36503
3.36622
3.36753
3.36895
3.37046
3.37202
3.3736
3.37518
3.37671
3.37817
3.37951
3.3807
3.38171
3.38251
3.38307
3.38336
3.38338
3.3831
3.38251
3.38163
3.38045
3.37897
3.37722
3.37522
3.37297
3.3705
3.36784
3.36501
3.36204
3.35894
3.35573
3.35245
3.3491
3.34569
3.34223
3.33873
3.33518
3.33156
3.32788
3.32412
3.32026
3.31629
3.31219
3.30794
3.30351
3.2989
3.29409
3.28906
3.2838
3.27833
3.27263
3.26671
3.26059
3.25429
3.24783
3.24123
3.23452
3.22773
3.22089
3.21405
3.20723
3.20048
3.19382
3.18728
3.1809
3.17469
3.16868
3.16288
3.15729
3.15192
3.14676
3.14182
3.13708
3.13252
3.12813
3.12389
3.11978
3.11576
3.11183
3.10795
3.10411
3.10029
3.09648
3.09267
3.08885
3.08501
3.08116
3.0773
3.07343
3.06956
3.0657
3.06187
3.05808
3.05435
3.05069
3.04711
3.04362
3.04024
3.03697
3.03381
3.03077
3.02785
3.02505
3.02235
3.01976
3.01726
3.01484
3.01248
3.01018
3.00792
3.00568
3.00347
3.00126
2.99906
2.99685
2.99465
2.99244
2.99023
2.98803
2.98583
2.98366
2.98152
2.97942
2.97738
2.97541
2.97351
2.97171
2.97
2.9684
2.9669
2.96551
2.96423
2.96304
2.96195
2.96093
2.95998
2.95909
2.95822
2.95737
2.95651
2.95562
2.95468
2.95367
2.95257
2.95137
2.95005
2.94861
2.94703
2.94531
2.94346
2.94147
2.93934
2.93709
2.93473
2.93226
2.9297
2.92706
2.92436
2.92162
2.91883
2.91603
2.9132
2.91037
2.90754
2.9047
2.90186
2.89902
2.89616
2.89329
2.8904
2.88746
2.88447
2.88141
2.87828
2.87505
2.87172
2.86828
2.86472
2.86104
2.85722
2.85327
2.8492
2.845
2.84069
2.83626
2.83174
2.82714
2.82248
2.81776
2.81301
2.80825
2.80348
2.79872
2.79398
2.78927
2.78461
2.77998
2.77541
2.77088
2.76639
2.76195
2.75753
2.75314
2.74876
2.74438
2.73998
2.73556
2.7311
2.7266
2.72205
2.71744
2.71277
2.70803
2.70323
2.69837
2.69347
2.68851
2.68353
2.67853
2.67352
2.66853
2.66356
2.65864
2.65377
2.64896
2.64424
2.6396
2.63507
2.63063
2.62629
2.62206
2.61793
2.6139
2.60995
2.60608
2.60227
2.59852
2.5948
2.59112
2.58745
2.5838
2.58014
2.57647
2.57279
2.5691
2.56539
2.56166
2.55792
2.55418
2.55045
2.54674
2.54305
2.53941
2.53583
2.53231
2.52888
2.52554
2.5223
2.51918
2.51618
2.51331
2.51056
2.50794
2.50545
2.50309
2.50083
2.49869
2.49663
2.49467
2.49278
2.49095
2.48917
2.48744
2.48575
2.48408
2.48243
2.4808
2.47918
2.47757
2.47597
2.47439
2.47282
2.47127
2.46975
2.46825
2.46679
2.46537
2.46398
2.46263
2.46133
2.46006
2.45883
2.45762
2.45644
2.45527
2.45409
2.45291
2.4517
2.45045
2.44915
2.44778
2.44634
2.44482
2.44321
2.44151
2.4397
2.4378
2.43581
2.43372
2.43155
2.42931
2.42701
2.42466
2.42228
2.41988
2.41747
2.41508
2.4127
2.41036
2.40805
2.40579
2.40359
2.40143
2.39932
2.39726
2.39523
2.39324
2.39125
2.38927
2.38727
2.38524
2.38316
2.38103
2.37882
2.37652
2.37413
2.37164
2.36903
2.36631
2.36348
2.36053
2.35747
2.35431
2.35107
2.34774
2.34435
2.34091
2.33742
2.33391
2.33038
2.32684
2.32331
2.31978
2.31627
2.31278
2.30931
2.30585
2.3024
2.29895
2.2955
2.29203
2.28854
2.28501
2.28143
2.2778
2.27411
2.27036
2.26652
2.26261
2.25863
2.25456
2.25043
2.24623
2.24197
2.23768
2.23335
2.22902
2.22468
2.22035
2.21606
2.21181
2.2076
2.20347
2.1994
2.19541
2.19151
2.18769
2.18395
2.18029
2.1767
2.17317
2.16969
2.16625
2.16284
2.15944
2.15604
2.15264
2.14921
2.14577
2.14229
2.13877
2.13521
2.13161
2.12797
2.12431
2.12062
2.11691
2.11321
2.10951
2.10583
2.10219
2.09858
2.09503
2.09153
2.0881
2.08474
2.08146
2.07825
2.07511
2.07204
2.06903
2.06607
2.06315
2.06025
2.05736
2.05447
2.05157
2.04864
2.04568
2.04267
2.03961
2.03649
2.03331
2.03007
2.02677
2.02341
2.02
2.01655
2.01308
2.00959
2.00609
2.00259
1.99911
1.99565
1.99223
1.98884
1.98551
1.98222
1.97899
1.97581
1.97268
1.9696
1.96654
1.96352
1.9605
1.95749
1.95447
1.95143
1.94837
1.94527
1.94212
1.93893
1.93568
1.93237
1.929
1.92558
1.92211
1.9186
1.91506
1.91149
1.90792
1.90434
1.90078
1.89724
1.89374
1.89028
1.88687
1.88351
1.88022
1.87699
1.87383
1.87072
1.86767
1.86467
1.86171
1.85877
1.85585
1.85294
1.85002
1.84709
1.84414
1.84116
1.83814
1.83508
1.83198
1.82883
1.82564
1.8224
1.81914
1.81584
1.81252
1.8092
1.80587
1.80255
1.79925
1.79597
1.79272
1.78951
1.78634
1.78321
1.78011
1.77706
1.77404
1.77105
1.76808
1.76512
1.76216
1.75919
1.7562
1.75317
1.7501
1.74699
1.74382
1.74059
1.73729
1.73393
1.7305
1.72701
1.72347
1.71988
1.71624
1.71258
1.70891
1.70522
1.70155
1.69789
1.69425
1.69065
1.68709
1.68358
1.68011
1.6767
1.67334
1.67003
1.66676
1.66353
1.66033
1.65715
1.65398
1.65082
1.64764
1.64446
1.64126
1.63803
1.63477
1.63147
1.62815
1.62479
1.6214
1.61798
1.61455
1.61111
1.60767
1.60424
1.60083
1.59744
1.59408
1.59077
1.5875
1.58429
1.58112
1.57802
1.57497
1.57197
1.56902
1.56611
1.56323
1.56038
1.55754
1.55471
1.55188
1.54903
1.54617
1.54328
1.54036
1.53742
1.53444
1.53142
1.52837
1.5253
1.52221
1.51911
1.516
1.51289
1.5098
1.50674
1.5037
1.5007
1.49775
1.49484
1.49198
1.48918
1.48643
1.48373
1.48109
1.47848
1.47591
1.47337
1.47085
1.46833
1.46581
1.46328
1.46074
1.45816
1.45556
1.45292
1.45024
1.44751
1.44475
1.44195
1.43911
1.43624
1.43335
1.43043
1.42752
1.4246
1.42168
1.41878
1.4159
1.41304
1.41021
1.40741
1.40464
1.40189
1.39917
1.39648
1.3938
1.39114
1.38847
1.38581
1.38313
1.38043
1.37771
1.37496
1.37218
1.36936
1.36651
1.36362
1.36069
1.35773
1.35474
1.35173
1.34869
1.34565
1.3426
1.33955
1.33651
1.33349
1.33049
1.32752
1.32457
1.32165
1.31877
1.31591
1.31307
1.31026
1.30746
1.30467
1.30189
1.29909
1.29628
1.29345
1.29059
1.28769
1.28476
1.28178
1.27876
1.2757
1.27259
1.26944
1.26626
1.26305
1.25981
1.25655
1.25329
1.25004
1.24679
1.24356
1.24036
1.2372
1.23407
1.23098
1.22793
1.22492
1.22196
1.21904
1.21615
1.2133
1.21048
1.20768
1.20489
1.20211
1.19933
1.19654
1.19375
1.19095
1.18814
1.18531
1.18247
1.17962
1.17676
1.17389
1.17102
1.16815
1.1653
1.16246
1.15965
1.15687
1.15412
1.15141
1.14873
1.14609
1.14349
1.14092
1.13838
1.13587
1.13338
1.13091
1.12845
1.12599
1.12352
1.12104
1.11853
1.116
1.11343
1.11083
1.1082
1.10553
1.10281
1.10006
1.09727
1.09445
1.0916
1.08872
1.08583
1.08293
1.08003
1.07712
1.07422
1.07133
1.06844
1.06557
1.0627
1.05985
1.057
1.05416
1.05132
1.04848
1.04562
1.04276
1.03987
1.03695
1.034
1.03101
1.02799
1.02493
1.02183
1.01868
1.0155
1.01229
1.00904
1.00576
1.00246
0.999142
0.995818
0.992494
0.989176
0.98587
0.98258
0.97931
0.976063
0.972841
0.969645
0.966476
0.963335
0.960222
0.957135
0.95407
0.951023
0.94799
0.944966
0.941945
0.938927
0.935909
0.932891
0.929874
0.926859
0.923849
0.920844
0.917848
0.914865
0.911898
0.908955
0.906042
0.903167
0.900338
0.897561
0.894841
0.892182
0.889588
0.887059
0.884596
0.8822
0.879872
0.877609
0.875409
0.87327
0.871185
0.869149
0.867154
0.865193
0.863261
0.861352
0.859462
0.857588
0.855729
0.853882
0.852046
0.850221
0.848404
0.846597
0.844801
0.843019
0.841254
0.83951
0.837792
0.836103
0.834444
0.832817
0.831221
0.829654
0.828116
0.826603
0.825114
0.823646
0.822195
0.820756
0.819323
0.81789
0.816448
0.814991
0.813514
0.812012
0.810481
0.80892
0.807328
0.805704
0.804046
0.802355
0.800631
0.798875
0.797091
0.795281
0.793451
0.791606
0.78975
0.787888
0.786022
0.784153
0.782281
0.780407
0.77853
0.776649
0.774764
0.772874
0.770976
0.769067
0.767142
0.765195
0.763223
0.761221
0.759186
0.757114
0.755006
0.752863
0.750683
0.748468
0.746218
0.743935
0.74162
0.739276
0.736908
0.73452
0.732119
0.729711
0.727301
0.724892
0.722489
0.720092
0.717704
0.715325
0.712956
0.710596
0.708247
0.705908
0.703576
0.701249
0.698923
0.696595
0.694259
0.691914
0.689556
0.687185
0.684801
0.682405
0.679997
0.677579
0.675153
0.672719
0.670281
0.667842
0.665408
0.662984
0.660577
0.658191
0.65583
0.6535
0.651201
0.648935
0.646704
0.644508
0.642349
0.640225
0.638138
0.636086
0.634066
0.632075
0.630108
0.628162
0.626232
0.624315
0.622408
0.620511
0.618623
0.616742
0.614869
0.613004
0.611145
0.609294
0.607452
0.605622
0.603808
0.602011
0.600237
0.598488
0.596766
0.595072
0.593406
0.591768
0.590158
0.588575
0.587019
0.585489
0.583983
0.582498
0.581033
0.579581
0.578139
0.576702
0.575267
0.573831
0.572392
0.570949
0.569501
0.568047
0.566587
0.565121
0.563649
0.562172
0.560692
0.559213
0.557737
0.556268
0.554809
0.553363
0.551932
0.550516
0.549117
0.547734
0.546368
0.54502
0.543688
0.542373
0.541072
0.539784
0.538505
0.537231
0.535959
0.534686
0.533409
0.532125
0.530835
0.529538
0.528233
0.52692
0.525599
0.52427
0.522934
0.521593
0.520248
0.518902
0.517558
0.516219
0.514888
0.513564
0.51225
0.510945
0.509649
0.508362
0.507084
0.505815
0.504553
0.503297
0.502045
0.500794
0.49954
0.498281
0.497013
0.495733
0.494442
0.493137
0.491818
0.490486
0.489138
0.487776
0.486398
0.485006
0.483601
0.482185
0.480761
0.479332
0.4779
0.476469
0.475041
0.473617
0.472198
0.470785
0.469379
0.467981
0.466591
0.465211
0.46384
0.462477
0.461122
0.459772
0.458426
0.457082
0.455739
0.454396
0.453054
0.451714
0.450376
0.44904
0.447706
0.446376
0.445049
0.443727
0.442411
0.441103
0.439806
0.438522
0.437253
0.436
0.434764
0.433545
0.432343
0.431158
0.429988
0.428835
0.427696
0.426571
0.425458
0.424354
0.423257
0.422165
0.421073
0.419981
0.418886
0.417789
0.416689
0.415584
0.414476
0.413364
0.412247
0.411126
0.410002
0.408876
0.407749
0.406626
0.405508
0.404397
0.403295
0.402203
0.401122
0.400052
0.398994
0.397949
0.396917
0.395899
0.394895
0.393904
0.392925
0.391958
0.390999
0.390049
0.389106
0.388169
0.387239
0.386316
0.385401
0.384492
0.383591
0.382698
0.381811
0.380933
0.380064
0.379205
0.378359
0.377528
0.376711
0.37591
0.375126
0.374357
0.373603
0.372864
0.372139
0.371428
0.370731
0.370045
0.36937
0.368704
0.368044
0.367387
0.366732
0.366076
0.365418
0.364756
0.364091
0.363422
0.362748
0.362068
0.361382
0.36069
0.359991
0.359288
0.358582
0.357874
0.357166
0.35646
0.355757
0.355059
0.354364
0.353675
0.352992
0.352315
0.351645
0.350985
0.350334
0.349693
0.349062
0.34844
0.347826
0.34722
0.346621
0.34603
0.345447
0.344872
0.344306
0.343748
0.343199
0.342659
0.342126
0.341603
0.341088
0.340585
0.340092
0.339611
0.339144
0.33869
0.338248
0.337818
0.337398
0.336989
0.336589
0.336199
0.335818
0.335446
0.335081
0.334723
0.33437
0.334021
0.333673
0.333327
0.332981
0.332635
0.33229
0.331946
0.331603
0.331262
0.330921
0.330581
0.330243
0.329908
0.329577
0.329251
0.328932
0.328622
0.328321
0.328031
0.32775
0.327479
0.327218
0.326969
0.326731
0.326505
0.326292
0.326092
0.325904
0.325726
0.325559
0.3254
0.32525
0.325107
0.324971
0.324844
0.324724
0.324612
0.324507
0.324408
0.324315
0.324228
0.324147
0.324073
0.324005
0.323946
0.323896
0.323854
0.32382
0.323794
0.323775
0.323764
0.323759
0.32376
0.323769
0.323783
0.323805
0.323831
0.32386
0.323892
0.323926
0.32396
0.323994
0.324028
0.324063
0.3241
0.324137
0.324175
0.324212
0.32425
0.324287
0.324325
0.324363
0.324402
0.324445
0.32449
0.32454
0.324594
0.324652
0.324714
0.324781
0.324851
0.324927
0.325009
0.325096
0.325189
0.325286
0.325386
0.325489
0.325592
0.325696
0.325799
0.325902
0.326004
0.326105
0.326204
0.326301
0.326394
0.326482
0.326565
0.326642
0.326712
0.326777
0.326836
0.326889
0.326936
0.326977
0.32701
0.327036
0.327054
0.327063
0.327065
0.32706
0.327048
0.327028
0.327001
0.326967
0.326924
0.326872
0.326812
0.326744
0.326668
0.326585
0.326497
0.326404
0.326305
0.326202
0.326094
0.325981
0.325866
0.325748
0.32563
0.325512
0.325397
0.325285
0.325176
0.32507
0.324969
0.324872
0.324778
0.32469
0.324608
0.324532
0.324462
0.324398
0.324339
0.324286
0.324236
0.324189
0.324145
0.324104
0.324067
0.324032
0.324
0.323969
0.323938
0.323907
0.323875
0.323841
0.323805
0.323767
0.323728
0.323687
0.323645
0.3236
0.323553
0.323503
0.32345
0.323392
0.323333
0.323272
0.323209
0.323146
0.323083
0.323019
0.322956
0.322892
0.322828
0.322763
0.322701
0.32264
0.322582
0.322526
0.322473
0.322423
0.322375
0.322331
0.322289
0.322252
0.32222
0.322194
0.322174
0.322161
0.322154
0.322154
0.322158
0.322168
0.322183
0.322203
0.322229
0.322262
0.3223
0.322343
0.322392
0.322444
0.322499
0.322555
0.322614
0.322675
0.322737
0.3228
0.322863
0.322926
0.322987
0.323045
0.3231
0.32315
0.323196
0.323238
0.323276
0.32331
0.32334
0.323365
0.323385
0.323398
0.323406
0.323408
0.323406
0.323399
0.323388
0.323375
0.323358
0.323338
0.323315
0.323289
0.32326
0.323229
0.323196
0.323163
0.323129
0.323097
0.323064
0.323033
0.323001
0.322969
0.322938
0.322908
0.322878
0.322851
0.322825
0.322802
0.32278
0.322759
0.322739
0.322719
0.322699
0.322679
0.322661
0.322644
0.322628
0.322613
0.322598
0.322583
0.322568
0.32255
0.322532
0.322514
0.322494
0.322475
0.322456
0.322437
0.322417
0.322395
0.322373
0.322349
0.322324
0.322299
0.322274
0.322248
0.322223
0.322199
0.322174
0.322148
0.322123
0.322097
0.322072
0.322048
0.322026
0.322005
0.321986
0.321969
0.321953
0.321937
0.321921
0.321907
0.321893
0.321882
0.321873
0.321867
0.321864
0.321863
0.321863
0.321866
0.321871
0.321879
0.321889
0.321902
0.32192
0.321941
0.321966
0.321995
0.322028
0.322063
0.322103
0.322147
0.322195
0.322249
0.322308
0.322372
0.322441
0.322514
0.322592
0.322673
0.322758
0.322848
0.322942
0.323043
0.323149
0.323261
0.32338
0.323504
0.323634
0.32377
0.323914
0.324065
0.324225
0.324396
0.324576
0.324766
0.324966
0.325176
0.325396
0.325627
0.325869
0.326122
0.326388
0.326667
0.326958
0.327262
0.327577
0.327904
0.328243
0.328593
0.328954
0.329328
0.329714
0.330111
0.33052
0.330939
0.331368
0.331806
0.332253
0.33271
0.333176
0.333651
0.334137
0.334632
0.335137
0.33565
0.336173
0.336705
0.337245
0.337795
0.338353
0.338922
0.3395
0.340087
0.340684
0.341289
0.341904
0.342526
0.343158
0.343798
0.344448
0.345108
0.345778
0.346458
0.347147
0.347845
0.348553
0.349271
0.349998
0.350737
0.351487
0.35225
0.353024
0.353812
0.354611
0.355423
0.356247
0.357083
0.357932
0.358793
0.359669
0.360558
0.361462
0.36238
0.363313
0.364261
0.365223
0.366199
0.367191
0.368199
0.369222
0.370261
0.371315
0.372384
0.373469
0.374568
0.375681
0.376808
0.377948
0.379103
0.380271
0.381453
0.382647
0.383853
0.38507
0.386299
0.387537
0.388787
0.390047
0.391319
0.392602
0.393896
0.395201
0.396516
0.397842
0.399178
0.400524
0.401881
0.403249
0.404629
0.406021
0.407425
0.40884
0.410266
0.411702
0.413149
0.414605
0.416073
0.417551
0.41904
0.420541
0.422053
0.423578
0.425113
0.426659
0.428216
0.429785
0.431367
0.432963
0.434573
0.436198
0.437838
0.439495
0.441167
0.442853
0.444554
0.446269
0.447997
0.449739
0.451492
0.453257
0.455031
0.456811
0.458595
0.460379
0.462162
0.46394
0.465711
0.467472
0.469221
0.470955
0.472672
0.474368
0.476042
0.477691
0.479313
0.480909
0.482477
0.484018
0.485532
0.48702
0.488483
0.489921
0.491335
0.492727
0.494098
0.495452
0.496791
0.498117
0.499433
0.500742
0.502046
0.503347
0.504646
0.505944
0.507244
0.508545
0.509849
0.511158
0.512472
0.513792
0.515117
0.516449
0.517787
0.519131
0.520482
0.521839
0.523202
0.524573
0.525952
0.52734
0.528736
0.530141
0.531555
0.532978
0.534411
0.535854
0.537307
0.538771
0.540246
0.541731
0.543227
0.544732
0.546246
0.547766
0.549292
0.550823
0.552358
0.553896
0.555434
0.556973
0.55851
0.560044
0.561573
0.563096
0.564611
0.566117
0.567613
0.569099
0.570574
0.572037
0.573489
0.574928
0.576355
0.57777
0.579172
0.580563
0.581943
0.583314
0.584676
0.586031
0.587378
0.588719
0.590053
0.59138
0.592702
0.594018
0.59533
0.596638
0.597941
0.59924
0.600535
0.601826
0.603112
0.604391
0.605665
0.606932
0.608194
0.60945
0.610702
0.61195
0.613196
0.61444
0.615682
0.616925
0.618169
0.619418
0.620673
0.621935
0.623208
0.624494
0.625794
0.62711
0.628443
0.629796
0.631171
0.632568
0.63399
0.63544
0.636918
0.638426
0.639965
0.641536
0.643138
0.644772
0.646439
0.648139
0.649874
0.651645
0.653452
0.655297
0.65718
0.659101
0.661061
0.66306
0.665098
0.667177
0.669297
0.67146
0.673668
0.675921
0.678221
0.680567
0.682959
0.6854
0.687888
0.690426
0.693013
0.695651
0.698342
0.701086
0.703882
0.706729
0.709629
0.712579
0.715579
0.71863
0.721733
0.724887
0.728094
0.731353
0.734664
0.738028
0.741443
0.74491
0.74843
0.752004
0.755633
0.759321
0.763067
0.766874
0.770743
0.774676
0.778675
0.782742
0.786879
0.791088
0.795371
0.799729
0.804161
0.808665
0.813236
0.817868
0.822553
0.827285
0.832054
0.836851
0.841667
0.846492
0.851315
0.856123
0.860903
0.86564
0.870322
0.874937
0.879475
0.883931
0.888301
0.892583
0.896778
0.900889
0.904919
0.908874
0.91276
0.916587
0.920367
0.924113
0.927841
0.931566
0.935303
0.939065
0.942864
0.946707
0.950599
0.954545
0.958548
0.962608
0.966724
0.970895
0.975116
0.979379
0.983674
0.98799
0.992312
0.996629
1.00093
1.0052
1.00944
1.01363
1.01778
1.02189
1.02594
1.02994
1.03389
1.03778
1.04164
1.04545
1.04923
1.05299
1.05675
1.0605
1.06425
1.06802
1.0718
1.0756
1.07941
1.08324
1.08707
1.09092
1.09478
1.09863
1.10248
1.10632
1.11013
1.1139
1.11763
1.1213
1.12491
1.12845
1.13193
1.13535
1.1387
1.142
1.14524
1.14842
1.15156
1.15466
1.15774
1.1608
1.16386
1.16693
1.17002
1.17314
1.17631
1.17952
1.18278
1.18608
1.18944
1.19284
1.19629
1.19979
1.20333
1.2069
1.21049
1.2141
1.21771
1.22132
1.22491
1.22848
1.23202
1.23555
1.23904
1.24252
1.24597
1.2494
1.25281
1.25621
1.2596
1.26299
1.26639
1.26982
1.27328
1.27678
1.28033
1.28394
1.2876
1.29132
1.2951
1.29893
1.30281
1.30674
1.31072
1.31474
1.31879
1.32286
1.32695
1.33103
1.3351
1.33916
1.34318
1.34716
1.35111
1.35502
1.35889
1.36272
1.36651
1.37025
1.37396
1.37763
1.38127
1.38488
1.38848
1.39206
1.39565
1.39923
1.40282
1.40642
1.41002
1.41361
1.41721
1.42079
1.42437
1.42793
1.43146
1.43497
1.43844
1.44187
1.44524
1.44854
1.45177
1.45491
1.45798
1.46096
1.46387
1.46669
1.46944
1.47211
1.47473
1.47728
1.47978
1.48223
1.48465
1.48705
1.48944
1.49183
1.49423
1.49664
1.49907
1.50152
1.50399
1.50649
1.509
1.51153
1.51408
1.51663
1.5192
1.52176
1.52432
1.52687
1.52939
1.53188
1.53433
1.53674
1.53911
1.54144
1.54374
1.546
1.54824
1.55044
1.55262
1.55478
1.55693
1.55907
1.56121
1.56336
1.56553
1.56772
1.56993
1.57217
1.57444
1.57672
1.57902
1.58133
1.58365
1.58596
1.58827
1.59057
1.59284
1.59509
1.59729
1.59943
1.60152
1.60353
1.60547
1.60733
1.60912
1.61083
1.61247
1.61405
1.61556
1.61701
1.6184
1.61974
1.62104
1.62231
1.62355
1.62477
1.62599
1.6272
1.62841
1.62963
1.63085
1.63207
1.63328
1.63449
1.6357
1.6369
1.63808
1.63926
1.64041
1.64153
1.64263
1.64368
1.6447
1.64567
1.64661
1.6475
1.64837
1.64921
1.65003
1.65084
1.65165
1.65245
1.65327
1.6541
1.65495
1.65584
1.65677
1.65776
1.6588
1.65991
1.66109
1.66233
1.66363
1.66499
1.6664
1.66787
1.66938
1.67093
1.67252
1.67415
1.67579
1.67745
1.67912
1.68078
1.68244
1.6841
1.68574
1.68738
1.68902
1.69066
1.6923
1.69395
1.6956
1.69727
1.69895
1.70065
1.70238
1.70415
1.70595
1.70779
1.70967
1.7116
1.71357
1.71557
1.71761
1.71966
1.72174
1.72382
1.72592
1.72801
1.7301
1.73217
1.73422
1.73624
1.73822
1.74015
1.74204
1.74387
1.74566
1.7474
1.74909
1.75075
1.75237
1.75395
1.7555
1.75703
1.75853
1.76002
1.7615
1.76298
1.76447
1.76596
1.76746
1.76897
1.7705
1.77202
1.77355
1.77507
1.77658
1.77809
1.77958
1.78106
1.78251
1.78393
1.78532
1.78667
1.78798
1.78924
1.79046
1.79163
1.79276
1.79385
1.79491
1.79594
1.79695
1.79794
1.79892
1.79989
1.80085
1.80182
1.8028
1.80379
1.80479
1.80582
1.80687
1.80794
1.80902
1.81011
1.81121
1.81231
1.8134
1.81449
1.81556
1.81662
1.81765
1.81865
1.81961
1.82054
1.82141
1.82224
1.82301
1.82374
1.82442
1.82507
1.82568
1.82625
1.8268
1.82732
1.82781
1.8283
1.82876
1.82923
1.82969
1.83016
1.83064
1.83112
1.83162
1.83212
1.83262
1.83312
1.83362
1.8341
1.83457
1.83503
1.83547
1.83589
1.83628
1.83664
1.83695
1.83723
1.83747
1.83766
1.83782
1.83794
1.83803
1.8381
1.83815
1.83818
1.83821
1.83822
1.83824
1.83825
1.83827
1.83831
1.83836
1.83843
1.83853
1.83865
1.83878
1.83894
1.8391
1.83928
1.83945
1.83963
1.83981
1.83998
1.84014
1.84029
1.84042
1.84052
1.8406
1.84064
1.84065
1.84063
1.84059
1.84052
1.84044
1.84034
1.84022
1.84011
1.83998
1.83986
1.83974
1.83962
1.83952
1.83944
1.83937
1.83934
1.83932
1.83934
1.83937
1.83943
1.83951
1.8396
1.83971
1.83983
1.83996
1.8401
1.84026
1.84042
1.8406
1.84078
1.84097
1.84116
1.84137
1.8416
1.84184
1.84212
1.84242
1.84277
1.84316
1.84359
1.84408
1.84463
1.84523
1.84589
1.84663
1.84743
1.84831
1.84926
1.85029
1.85139
1.85256
1.85379
1.85509
1.85643
1.85783
1.85927
1.86076
1.86229
1.86386
1.86546
1.86708
1.86873
1.8704
1.87209
1.8738
1.87553
1.87728
1.87907
1.88088
1.88273
1.88461
1.88653
1.8885
1.89051
1.89256
1.89467
1.89684
1.89906
1.90134
1.90369
1.90609
1.90855
1.91106
1.91362
1.91623
1.91887
1.92155
1.92426
1.927
1.92976
1.93254
1.93533
1.93812
1.94092
1.94372
1.94651
1.9493
1.95209
1.95488
1.95767
1.96047
1.96327
1.96608
1.96891
1.97175
1.97461
1.97749
1.9804
1.98334
1.98631
1.98931
1.99235
1.99543
1.99853
2.00166
2.00481
2.00798
2.01117
2.01437
2.01757
2.02079
2.024
2.0272
2.0304
2.03358
2.03675
2.03989
2.043
2.0461
2.04917
2.05222
2.05526
2.05827
2.06128
2.06427
2.06724
2.0702
2.07315
2.07609
2.07903
2.08196
2.08489
2.08781
2.09073
2.09363
2.09652
2.09939
2.10222
2.10503
2.1078
2.11052
2.11319
2.1158
2.11835
2.12082
2.12322
2.12553
2.12774
2.12986
2.13187
2.13379
2.13559
2.1373
2.13891
2.14042
2.14183
2.14315
2.14438
2.14552
2.14659
2.14758
2.1485
2.14937
2.15019
2.15097
2.15171
2.15242
2.15309
2.15374
2.15437
2.15496
2.15554
2.1561
2.15665
2.15717
2.15767
2.15815
2.15861
2.15903
2.15942
2.15978
2.1601
2.16039
2.16064
2.16086
2.16104
2.16118
2.16129
2.16136
2.16139
2.16139
2.16136
2.1613
2.16121
2.1611
2.16098
2.16084
2.16069
2.16052
2.16035
2.16018
2.15999
2.15981
2.15963
2.15945
2.15927
2.15911
2.15895
2.1588
2.15865
2.15852
2.15839
2.15827
2.15816
2.15806
2.15797
2.15789
2.15784
2.15779
2.15776
2.15775
2.15775
2.15777
2.1578
2.15786
2.15794
2.15804
2.15817
2.15833
2.15852
2.15874
2.15899
2.15927
2.15958
2.15992
2.1603
2.16072
2.16117
2.16167
2.16221
2.16278
2.1634
2.16406
2.16476
2.16551
2.1663
2.16715
2.16804
2.16899
2.17
2.17107
2.1722
2.17338
2.17463
2.17594
2.17732
2.17877
2.18028
2.18186
2.18351
2.18524
2.18703
2.18889
2.19081
2.19279
2.19483
2.19692
2.19907
2.20126
2.20351
2.20579
2.20812
2.21048
2.21286
2.21526
2.21769
2.22012
2.22256
2.22501
2.22745
2.2299
2.23234
2.23477
2.23718
2.23957
2.24195
2.2443
2.24663
2.24894
2.25122
2.25349
2.25573
2.25796
2.26017
2.26236
2.26454
2.2667
2.26885
2.271
2.27313
2.27527
2.2774
2.27953
2.28167
2.2838
2.28593
2.28807
2.2902
2.29233
2.29446
2.29658
2.29871
2.30082
2.30293
2.30503
2.30711
2.30917
2.31121
2.31322
2.31521
2.31718
2.31912
2.32104
2.32293
2.3248
2.32663
2.32844
2.33022
2.33197
2.3337
2.3354
2.33708
2.33875
2.34039
2.34202
2.34362
2.34521
2.34677
2.3483
2.34981
2.35129
2.35275
2.35417
2.35556
2.35692
2.35823
2.3595
2.36073
2.3619
2.36303
2.36411
2.36515
2.36614
2.36709
2.368
2.36888
2.36972
2.37053
2.37132
2.37208
2.37283
2.37357
2.3743
2.37504
2.37578
2.37652
2.37727
2.37803
2.3788
2.37958
2.38037
2.38116
2.38197
2.38279
2.38362
2.38446
2.3853
2.38615
2.38699
2.38784
2.38868
2.38953
2.39038
2.39123
2.3921
2.39297
2.39386
2.39476
2.39568
2.39662
2.39758
2.39856
2.39957
2.40061
2.40169
2.4028
2.40394
2.40511
2.40631
2.40754
2.40878
2.41005
2.41133
2.41262
2.41392
2.41523
2.41653
2.41784
2.41913
2.42042
2.42169
2.42294
2.42418
2.4254
2.42662
2.42782
2.42903
2.43023
2.43145
2.43267
2.4339
2.43515
2.43643
2.43774
2.43909
2.44047
2.4419
2.44338
2.44491
2.44648
2.4481
2.44975
2.45144
2.45317
2.45492
2.4567
2.45849
2.4603
2.46211
2.46391
2.4657
2.46747
2.46922
2.47093
2.47262
2.47428
2.47591
2.47751
2.47908
2.48062
2.48214
2.48364
2.48512
2.48659
2.48806
2.48953
2.491
2.49249
2.49399
2.49552
2.49706
2.49863
2.50022
2.50184
2.50347
2.50513
2.50681
2.50851
2.51022
2.51195
2.51369
2.51543
2.51717
2.51891
2.52065
2.52239
2.52413
2.52587
2.52761
2.52937
2.53113
2.53291
2.53472
2.53654
2.5384
2.5403
2.54225
2.54425
2.54632
2.54845
2.55066
2.55294
2.55529
2.55772
2.56023
2.56282
2.56548
2.56821
2.57102
2.57389
2.57681
2.57979
2.58281
2.58586
2.58893
2.59202
2.59511
2.59821
2.60129
2.60436
2.60741
2.61043
2.61341
2.61635
2.61925
2.6221
2.62491
2.62766
2.63038
2.63306
2.63569
2.6383
2.64086
2.6434
2.64592
2.64841
2.65088
2.65334
2.6558
2.65826
2.66073
2.6632
2.66568
2.66817
2.67066
2.67316
2.67567
2.67819
2.68071
2.68323
2.68576
2.68828
2.6908
2.6933
2.69579
2.69826
2.70071
2.70313
2.70552
2.70788
2.71021
2.71251
2.71478
2.717
2.7192
2.72135
2.72346
2.72554
2.72759
2.72961
2.73159
2.73356
2.7355
2.73742
2.73931
2.74119
2.74305
2.74489
2.74671
2.74852
2.75033
2.75213
2.75392
2.7557
2.75748
2.75925
2.76102
2.76277
2.76452
2.76626
2.768
2.76974
2.77146
2.77319
2.7749
2.77661
2.77831
2.78
2.78169
2.78337
2.78505
2.78673
2.78841
2.7901
2.79179
2.79349
2.7952
2.79692
2.79865
2.80041
2.80218
2.80398
2.80581
2.80768
2.80958
2.81152
2.8135
2.81552
2.81758
2.81969
2.82184
2.82405
2.8263
2.8286
2.83095
2.83335
2.83579
2.83827
2.8408
2.84337
2.84599
2.84864
2.85135
2.85409
2.85687
2.8597
2.86256
2.86546
2.86839
2.87136
2.87436
2.87739
2.88045
2.88353
2.88664
2.88975
2.89288
2.896
2.89911
2.90221
2.90529
2.90833
2.91134
2.91431
2.91722
2.92008
2.92287
2.92559
2.92824
2.93081
2.93331
2.93574
2.93811
2.94041
2.94264
2.94483
2.94696
2.94905
2.95111
2.95314
2.95514
2.95714
2.95912
2.96111
2.9631
2.96509
2.96709
2.9691
2.9711
2.97311
2.97511
2.97709
2.97906
2.98101
2.98292
2.98478
2.98659
2.98833
2.99
2.99158
2.99307
2.99446
2.99575
2.99694
2.99802
2.999
2.99987
3.00063
3.0013
3.00187
3.00235
3.00275
3.00309
3.00336
3.00359
3.00378
3.00393
3.00406
3.00417
3.00428
3.00439
3.00451
3.00464
3.00479
3.00496
3.00515
3.00537
3.00561
3.00587
3.00616
3.00647
3.00681
3.00718
3.00756
3.00798
3.00842
3.00889
3.00939
3.00993
3.0105
3.01111
3.01176
3.01247
3.01324
3.01407
3.01497
3.01595
3.017
3.01814
3.01937
3.02069
3.02211
3.02363
3.02525
3.02696
3.02877
3.03067
3.03266
3.03474
3.03689
3.03913
3.04143
3.0438
3.04622
3.04869
3.05121
3.05377
3.05635
3.05896
3.06159
3.06423
3.06688
3.06954
3.0722
3.07486
3.07751
3.08015
3.08279
3.0854
3.08801
3.0906
3.09316
3.09571
3.09824
3.10074
3.10322
3.10568
3.1081
3.1105
3.11287
3.11522
3.11753
3.11982
3.12208
3.12431
3.12652
3.1287
3.13086
3.13299
3.1351
3.1372
3.13927
3.14133
3.14337
3.1454
3.14741
3.14941
3.15139
3.15335
3.1553
3.15723
3.15914
3.16102
3.16288
3.16471
3.1665
3.16825
3.16997
3.17163
3.17324
3.1748
3.17629
3.17771
3.17906
3.18034
3.18153
3.18264
3.18367
3.18461
3.18546
3.18622
3.18689
3.18748
3.18797
3.18839
3.18872
3.18898
3.18916
3.18926
3.1893
3.18928
3.18921
3.18908
3.1889
3.18867
3.1884
3.1881
3.18776
3.18739
3.187
3.18657
3.18613
3.18567
3.18519
3.18469
3.18418
3.18365
3.18312
3.18258
3.18203
3.18149
3.18094
3.1804
3.17987
3.17934
3.17883
3.17833
3.17785
3.17738
3.17694
3.17652
3.17612
3.17575
3.17541
3.17509
3.1748
3.17453
3.17429
3.17407
3.17387
3.1737
3.17356
3.17344
3.17334
3.17326
3.17321
3.17319
3.1732
3.17324
3.17333
3.17345
3.17362
3.17384
3.17412
3.17445
3.17485
3.17532
3.17586
3.17647
3.17716
3.17793
3.17878
3.1797
3.1807
3.18176
3.18288
3.18406
3.18529
3.18656
3.18786
3.18918
3.19051
3.19184
3.19316
3.19446
3.19572
3.19695
3.19814
3.19928
3.20037
3.20141
3.20239
3.20334
3.20424
3.2051
3.20593
3.20675
3.20756
3.20836
3.20918
3.21002
3.21089
3.21179
3.21274
3.21374
3.2148
3.21592
3.21709
3.21833
3.21962
3.22096
3.22235
3.22376
3.2252
3.22665
3.22811
3.22956
3.23098
3.23237
3.23372
3.23502
3.23625
3.23742
3.23851
3.23953
3.24047
3.24133
3.24212
3.24284
3.24349
3.24409
3.24463
3.24513
3.24559
3.24603
3.24646
3.24687
3.24729
3.24772
3.24817
3.24863
3.24912
3.24964
3.25018
3.25076
3.25136
3.25199
3.25264
3.25332
3.25401
3.25471
3.25541
3.25612
3.25683
3.25754
3.25825
3.25895
3.25965
3.26034
3.26102
3.2617
3.26238
3.26307
3.26377
3.26448
3.26521
3.26598
3.26678
3.26763
3.26853
3.26948
3.2705
3.2716
3.27277
3.27403
3.27537
3.2768
3.27832
3.27993
3.28162
3.2834
3.28526
3.28719
3.28918
3.29124
3.29334
3.29548
3.29765
3.29983
3.30201
3.30418
3.30633
3.30846
3.31053
3.31256
3.31453
3.31644
3.31827
3.32003
3.32172
3.32333
3.32488
3.32636
3.32779
3.32916
3.3305
3.33181
3.33311
3.33439
3.33569
3.33699
3.33833
3.3397
3.34112
3.34259
3.34412
3.34571
3.34735
3.34906
3.35081
3.35262
3.35446
3.35634
3.35823
3.36013
3.36203
3.3639
3.36573
3.36751
3.36923
3.37088
3.37244
3.37392
3.37529
3.37656
3.37772
3.37877
3.37971
3.38055
3.38128
3.38192
3.38247
3.38293
3.38331
3.38363
3.38388
3.38407
3.38421
3.3843
3.38435
3.38436
3.38433
3.38426
3.38415
3.384
3.3838
3.38354
3.38322
3.38284
3.38239
3.38187
3.38126
3.38056
3.37979
3.37892
3.37796
3.37692
3.3758
3.3746
3.37335
3.37204
3.37069
3.36931
3.36792
3.36652
3.36514
3.36379
3.36248
3.36122
3.36003
3.35891
3.35788
3.35694
3.35609
3.35533
3.35466
3.35408
3.35358
3.35315
3.35279
3.3525
3.35224
3.35203
3.35185
3.35169
3.35155
3.35141
3.35129
3.35118
3.35108
3.351
3.35095
3.35092
3.35093
3.35099
3.35112
3.35131
3.35159
3.35196
3.35243
3.353
3.35369
3.35448
3.35538
3.35637
3.35747
3.35864
3.35988
3.36117
3.3625
3.36384
3.36516
3.36646
3.36771
3.36889
3.36999
3.371
3.37189
3.37268
3.37334
3.3739
3.37434
3.37469
3.37494
3.37513
3.37526
3.37536
3.37545
3.37556
3.3757
3.37591
3.3762
3.37659
3.37709
3.37772
3.3785
3.37942
3.38048
3.38168
3.38301
3.38446
3.386
3.38762
3.38929
3.39099
3.39269
3.39436
3.39598
3.39751
3.39893
3.40022
3.40135
3.40232
3.40311
3.40371
3.40412
3.40434
3.40439
3.40425
3.40396
3.40352
3.40296
3.4023
3.40155
3.40075
3.39991
3.39906
3.39822
3.39739
3.39661
3.39586
3.39517
3.39454
3.39395
3.39341
3.3929
3.39242
3.39195
3.39146
3.39093
3.39036
3.38971
3.38897
3.38812
3.38714
3.38603
3.38476
3.38334
3.38175
3.38001
3.37812
3.37609
3.37393
3.37167
3.36932
3.3669
3.36445
3.36199
3.35954
3.35714
3.35482
3.35258
3.35047
3.34849
3.34666
3.345
3.3435
3.34218
3.34103
3.34004
3.33921
3.33851
3.33794
3.33748
3.3371
3.33677
3.33649
3.33621
3.33592
3.33561
3.33524
3.33481
3.33429
3.3337
3.33301
3.33222
3.33134
3.33038
3.32934
3.32823
3.32708
3.32589
3.32469
3.3235
3.32234
3.32122
3.32016
3.31918
3.3183
3.31751
3.31684
3.31628
3.31584
3.31551
3.31529
3.31518
3.31515
3.3152
3.31531
3.31546
3.31564
3.31582
3.31599
3.31613
3.31622
3.31626
3.31622
3.31609
3.31588
3.31557
3.31517
3.31468
3.3141
3.31344
3.31272
3.31193
3.3111
3.31023
3.30934
3.30845
3.30756
3.30669
3.30584
3.30503
3.30425
3.30351
3.3028
3.30213
3.30149
3.30087
3.30025
3.29963
3.29899
3.29831
3.29758
3.29678
3.2959
3.29492
3.29383
3.29261
3.29126
3.28978
3.28816
3.2864
3.2845
3.28248
3.28034
3.27811
3.27579
3.27341
3.27099
3.26855
3.26611
3.2637
3.26134
3.25905
3.25685
3.25476
3.25279
3.25096
3.24928
3.24774
3.24635
3.24511
3.24401
3.24304
3.24219
3.24144
3.24078
3.2402
3.23966
3.23915
3.23865
3.23815
3.23762
3.23705
3.23642
3.23573
3.23496
3.23412
3.23318
3.23217
3.23107
3.22989
3.22864
3.22733
3.22597
3.22458
3.22316
3.22173
3.2203
3.21889
3.2175
3.21616
3.21487
3.21363
3.21246
3.21137
3.21035
3.2094
3.20853
3.20773
3.20699
3.20632
3.20569
3.20512
3.20458
3.20407
3.20358
3.2031
3.20262
3.20215
3.20166
3.20116
3.20064
3.20011
3.19956
3.19899
3.1984
3.19781
3.1972
3.1966
3.19599
3.1954
3.19481
3.19425
3.19372
3.19322
3.19275
3.19233
3.19195
3.19161
3.19132
3.19108
3.19088
3.19074
3.19065
3.19062
3.19063
3.19069
3.19081
3.19097
3.19119
3.19145
3.19177
3.19215
3.19257
3.19305
3.19359
3.19417
3.19481
3.19549
3.19622
3.19698
3.19777
3.19859
3.19941
3.20023
3.20104
3.20181
3.20253
3.20318
3.20375
3.20422
3.20458
3.20481
3.2049
3.20484
3.20462
3.20424
3.2037
3.203
3.20216
3.20117
3.20005
3.19882
3.1975
3.19611
3.19467
3.1932
3.19173
3.19028
3.18887
3.18753
3.18627
3.18511
3.18406
3.18313
3.18233
3.18165
3.18109
3.18066
3.18033
3.1801
3.17995
3.17986
3.17982
3.17979
3.17977
3.17973
3.17965
3.17951
3.17931
3.17901
3.17862
3.17813
3.17753
3.17681
3.17599
3.17507
3.17405
3.17294
3.17177
3.17055
3.16928
3.16799
3.16668
3.16538
3.1641
3.16284
3.16162
3.16044
3.15931
3.15823
3.15719
3.15618
3.15521
3.15425
3.15329
3.15233
3.15134
3.15031
3.14922
3.14805
3.1468
3.14545
3.14398
3.14239
3.14067
3.13882
3.13685
3.13475
3.13254
3.13023
3.12782
3.12534
3.1228
3.12022
3.11762
3.11502
3.11244
3.1099
3.10741
3.10499
3.10264
3.10039
3.09823
3.09617
3.09421
3.09234
3.09056
3.08887
3.08724
3.08568
3.08415
3.08265
3.08117
3.07968
3.07817
3.07664
3.07507
3.07345
3.07177
3.07005
3.06826
3.06642
3.06453
3.06261
3.06065
3.05868
3.05671
3.05476
3.05284
3.05097
3.04916
3.04743
3.04579
3.04425
3.04283
3.04152
3.04033
3.03927
3.03832
3.03749
3.03677
3.03613
3.03558
3.03509
3.03466
3.03426
3.03387
3.03349
3.0331
3.03268
3.03222
3.03172
3.03116
3.03054
3.02986
3.02913
3.02835
3.02752
3.02666
3.02577
3.02488
3.02399
3.02312
3.02228
3.0215
3.02078
3.02015
3.0196
3.01914
3.01879
3.01855
3.01841
3.01837
3.01843
3.01858
3.01882
3.01912
3.01947
3.01987
3.02028
3.0207
3.02111
3.0215
3.02185
3.02216
3.0224
3.02259
3.0227
3.02274
3.02272
3.02263
3.02248
3.02228
3.02204
3.02177
3.0215
3.02122
3.02096
3.02073
3.02053
3.02039
3.02032
3.02031
3.02038
3.02053
3.02076
3.02107
3.02145
3.02189
3.02239
3.02292
3.02349
3.02407
3.02465
3.02522
3.02576
3.02626
3.02671
3.02709
3.0274
3.02763
3.02778
3.02785
3.02784
3.02775
3.0276
3.02739
3.02714
3.02685
3.02653
3.02622
3.02591
3.02562
3.02537
3.02516
3.02501
3.02492
3.02491
3.02496
3.02509
3.02528
3.02555
3.02587
3.02625
3.02666
3.0271
3.02755
3.028
3.02844
3.02885
3.02922
3.02954
3.0298
3.02999
3.03011
3.03015
3.03011
3.03
3.02981
3.02957
3.02926
3.02892
3.02854
3.02814
3.02774
3.02735
3.02697
3.02664
3.02634
3.02611
3.02593
3.02582
3.02579
3.02583
3.02593
3.0261
3.02633
3.0266
3.02692
3.02726
3.02762
3.02798
3.02833
3.02866
3.02894
3.02919
3.02937
3.02949
3.02955
3.02953
3.02944
3.02929
3.02907
3.02879
3.02846
3.02809
3.02769
3.02727
3.02685
3.02644
3.02605
3.0257
3.02539
3.02513
3.02493
3.0248
3.02473
3.02473
3.0248
3.02493
3.02512
3.02535
3.02562
3.02592
3.02624
3.02656
3.02686
3.02715
3.0274
3.02761
3.02777
3.02788
3.02791
3.02789
3.02779
3.02764
3.02742
3.02715
3.02684
3.02649
3.02612
3.02574
3.02535
3.02498
3.02463
3.02431
3.02404
3.02382
3.02366
3.02356
3.02353
3.02357
3.02366
3.02382
3.02403
3.02428
3.02457
3.02489
3.02522
3.02555
3.02587
3.02617
3.02644
3.02666
3.02683
3.02694
3.027
3.02699
3.02692
3.02678
3.02659
3.02635
3.02606
3.02574
3.02539
3.02503
3.02467
3.02432
3.024
3.0237
3.02345
3.02325
3.0231
3.02301
3.02299
3.02302
3.02312
3.02328
3.02349
3.02374
3.02403
3.02434
3.02466
3.02499
3.02531
3.02561
3.02588
3.02611
3.0263
3.02644
3.02651
3.02653
3.02649
3.0264
3.02625
3.02606
3.02583
3.02557
3.02529
3.025
3.02471
3.02443
3.02418
3.02396
3.02378
3.02364
3.02357
3.02355
3.02359
3.02369
3.02384
3.02405
3.02431
3.02461
3.02493
3.02528
3.02564
3.026
3.02635
3.02667
3.02697
3.02722
3.02742
3.02757
3.02766
3.02769
3.02766
3.02757
3.02743
3.02723
3.027
3.02672
3.02642
3.02611
3.02579
3.02548
3.02518
3.02491
3.02467
3.02447
3.02431
3.02421
3.02415
3.02415
3.0242
3.02429
3.02443
3.02459
3.02479
3.02499
3.02521
3.02542
3.02562
3.0258
3.02595
3.02607
3.02614
3.02615
3.02612
3.02603
3.02589
3.0257
3.02547
3.02519
3.02488
3.02454
3.02419
3.02384
3.02348
3.02314
3.02283
3.02254
3.0223
3.0221
3.02196
3.02187
3.02184
3.02187
3.02195
3.02208
3.02225
3.02247
3.02271
3.02298
3.02326
3.02353
3.0238
3.02405
3.02428
3.02447
3.02462
3.02472
3.02477
3.02478
3.02473
3.02463
3.02449
3.0243
3.02409
3.02384
3.02358
3.02331
3.02305
3.0228
3.02256
3.02236
3.02219
3.02206
3.02198
3.02195
3.02197
3.02204
3.02217
3.02234
3.02255
3.02279
3.02306
3.02335
3.02365
3.02394
3.02423
3.0245
3.02475
3.02496
3.02513
3.02525
3.02533
3.02536
3.02534
3.02527
3.02516
3.02501
3.02483
3.02463
3.0244
3.02417
3.02394
3.02372
3.02351
3.02333
3.02318
3.02307
3.02301
3.02299
3.02301
3.02308
3.02319
3.02334
3.02353
3.02375
3.02399
3.02424
3.0245
3.02475
3.02499
3.0252
3.02539
3.02554
3.02564
3.02571
3.02572
3.02568
3.0256
3.02546
3.02528
3.02507
3.02482
3.02454
3.02425
3.02395
3.02366
3.02337
3.0231
3.02286
3.02264
3.02247
3.02234
3.02225
3.02221
3.02222
3.02228
3.02238
3.02251
3.02268
3.02287
3.02308
3.0233
3.02352
3.02373
3.02393
3.02411
3.02426
3.02438
3.02446
3.0245
3.02449
3.02445
3.02436
3.02425
3.02409
3.02392
3.02372
3.02351
3.0233
3.02309
3.02289
3.02271
3.02256
3.02244
3.02235
3.02231
3.0223
3.02234
3.02242
3.02254
3.0227
3.02289
3.02311
3.02334
3.02359
3.02384
3.02409
3.02433
3.02454
3.02473
3.02489
3.02501
3.02509
3.02512
3.02512
3.02507
3.02498
3.02485
3.02468
3.02449
3.02428
3.02405
3.02382
3.02359
3.02337
3.02316
3.02298
3.02282
3.0227
3.02261
3.02257
3.02256
3.02259
3.02266
3.02277
3.0229
3.02306
3.02324
3.02343
3.02362
3.02381
3.02399
3.02415
3.0243
3.02441
3.02449
3.02453
3.02453
3.0245
3.02442
3.02432
3.02417
3.024
3.02381
3.02359
3.02337
3.02314
3.02291
3.02269
3.02249
3.02231
3.02216
3.02205
3.02196
3.02192
3.02191
3.02194
3.022
3.0221
3.02222
3.02237
3.02253
3.02271
3.02289
3.02306
3.02323
3.02338
3.02351
3.02362
3.02369
3.02374
3.02376
3.02374
3.02369
3.0236
3.0235
3.02337
3.02322
3.02306
3.02289
3.02273
3.02257
3.02243
3.0223
3.0222
3.02213
3.02209
3.02208
3.02211
3.02217
3.02227
3.0224
3.02256
3.02274
3.02294
3.02316
3.02338
3.0236
3.02381
3.02401
3.02419
3.02434
3.02446
3.02455
3.02461
3.02463
3.02461
3.02455
3.02446
3.02434
3.02419
3.02402
3.02383
3.02364
3.02344
3.02324
3.02305
3.02287
3.02272
3.02259
3.02248
3.02241
3.02237
3.02236
3.02238
3.02243
3.02251
3.02261
3.02273
3.02287
3.02301
3.02316
3.02331
3.02344
3.02357
3.02367
3.02375
3.02381
3.02385
3.02385
3.02383
3.02378
3.0237
3.0236
3.02348
3.02335
3.02321
3.02306
3.02292
3.02278
3.02265
3.02253
3.02243
3.02236
3.02231
3.02229
3.02229
3.02232
3.02238
3.02245
3.02255
3.02266
3.02279
3.02291
3.02304
3.02317
3.02328
3.02338
3.02346
3.02351
3.02354
3.02353
3.0235
3.02343
3.02333
3.0232
3.02305
3.02288
3.02268
3.02247
3.02226
3.02204
3.02182
3.02161
3.02142
3.02125
3.0211
3.02098
3.02088
3.02083
3.0208
3.02081
3.02084
3.02091
3.02101
3.02113
3.02127
3.02142
3.02158
3.02174
3.02191
3.02206
3.0222
3.02233
3.02244
3.02253
3.0226
3.02263
3.02265
3.02264
3.0226
3.02255
3.02248
3.0224
3.02231
3.02221
3.02212
3.02202
3.02194
3.02187
3.02181
3.02178
3.02177
3.02178
3.02181
3.02187
3.02196
3.02206
3.02218
3.02231
3.02246
3.02261
3.02276
3.02291
3.02305
3.02318
3.02329
3.02338
3.02345
3.02349
3.02351
3.0235
3.02346
3.0234
3.02332
3.02322
3.0231
3.02297
3.02282
3.02268
3.02253
3.02239
3.02226
3.02215
3.02204
3.02196
3.0219
3.02185
3.02183
3.02184
3.02186
3.0219
3.02197
3.02204
3.02213
3.02222
3.02231
3.0224
3.02249
3.02256
3.02263
3.02268
3.02271
3.02272
3.02271
3.02268
3.02262
3.02255
3.02246
3.02236
3.02224
3.02212
3.02199
3.02186
3.02174
3.02162
3.02152
3.02143
3.02137
3.02132
3.0213
3.0213
3.02132
3.02137
3.02144
3.02153
3.02163
3.02175
3.02189
3.02202
3.02216
3.0223
3.02244
3.02256
3.02267
3.02276
3.02284
3.02289
3.02292
3.02293
3.02292
3.02289
3.02283
3.02276
3.02268
3.02258
3.02248
3.02237
3.02226
3.02216
3.02206
3.02197
3.02189
3.02183
3.02178
3.02175
3.02174
3.02174
3.02175
3.02178
3.02182
3.02187
3.02192
3.02197
3.02202
3.02207
3.0221
3.02213
3.02214
3.02214
3.02212
3.02208
3.02202
3.02195
3.02185
3.02174
3.02162
3.02148
3.02134
3.02119
3.02104
3.02089
3.02075
3.02062
3.02051
3.0204
3.02032
3.02026
3.02022
3.0202
3.0202
3.02023
3.02027
3.02033
3.02041
3.02051
3.02061
3.02072
3.02084
3.02095
3.02106
3.02117
3.02126
3.02135
3.02142
3.02147
3.02151
3.02154
3.02155
3.02154
3.02152
3.02149
3.02145
3.0214
3.02135
3.0213
3.02125
3.0212
3.02116
3.02113
3.02111
3.0211
3.0211
3.02112
3.02115
3.02119
3.02124
3.0213
3.02136
3.02143
3.0215
3.02157
3.02164
3.0217
3.02175
3.02179
3.02181
3.02182
3.02182
3.02179
3.02175
3.02169
3.02162
3.02153
3.02142
3.02131
3.02119
3.02106
3.02093
3.02079
3.02066
3.02054
3.02042
3.02031
3.02021
3.02013
3.02005
3.01999
3.01995
3.01991
3.01988
3.01987
3.01985
3.01985
3.01984
3.01984
3.01984
3.01983
3.01981
3.01978
3.01975
3.0197
3.01964
3.01957
3.01949
3.01939
3.01929
3.01918
3.01906
3.01894
3.01881
3.01869
3.01857
3.01845
3.01835
3.01825
3.01817
3.01809
3.01804
3.018
3.01797
3.01796
3.01797
3.01799
3.01802
3.01806
3.01812
3.01818
3.01824
3.0183
3.01837
3.01842
3.01848
3.01852
3.01856
3.01859
3.01861
3.01861
3.0186
3.01859
3.01856
3.01853
3.01848
3.01844
3.01839
3.01834
3.0183
3.01826
3.01822
3.01819
3.01818
3.01817
3.01818
3.01819
3.01823
3.01827
3.01833
3.01839
3.01847
3.01855
3.01864
3.01874
3.01884
3.01894
3.01903
3.01912
3.01921
3.01929
3.01936
3.01942
3.01947
3.01951
3.01954
3.01957
3.01958
3.01959
3.01959
3.01959
3.01959
3.01959
3.01959
3.01959
3.0196
3.01961
3.01964
3.01967
3.01971
3.01976
3.01983
3.0199
3.01998
3.02007
3.02016
3.02026
3.02036
3.02046
3.02056
3.02066
3.02076
3.02085
3.02093
3.02101
3.02107
3.02113
3.02118
3.02122
3.02124
3.02126
3.02127
3.02128
3.02127
3.02127
3.02126
3.02125
3.02124
3.02123
3.02123
3.02123
3.02123
3.02125
3.02126
3.02129
3.02132
3.02136
3.0214
3.02144
3.02149
3.02154
3.02159
3.02163
3.02168
3.02172
3.02176
3.02179
3.02181
3.02183
3.02183
3.02183
3.02183
3.02181
3.02179
3.02177
3.02173
3.0217
3.02166
3.02162
3.02158
3.02154
3.02151
3.02148
3.02145
3.02143
3.02141
3.0214
3.0214
3.0214
3.0214
3.02141
3.02142
3.02144
3.02145
3.02147
3.02148
3.02148
3.02148
3.02148
3.02147
3.02145
3.02142
3.02138
3.02134
3.02128
3.02122
3.02115
3.02107
3.02098
3.02089
3.0208
3.0207
3.02061
3.02051
3.02042
3.02033
3.02025
3.02017
3.02009
3.02003
3.01997
3.01992
3.01988
3.01985
3.01982
3.0198
3.01979
3.01979
3.01979
3.01979
3.0198
3.01982
3.01983
3.01985
3.01986
3.01988
3.01989
3.01991
3.01992
3.01994
3.01995
3.01996
3.01998
3.02
3.02001
3.02003
3.02006
3.02008
3.02012
3.02015
3.02019
3.02024
3.02029
3.02034
3.0204
3.02046
3.02053
3.02059
3.02066
3.02074
3.02081
3.02088
3.02094
3.02101
3.02107
3.02113
3.02119
3.02124
3.02128
3.02132
3.02136
3.02139
3.02142
3.02144
3.02146
3.02147
3.02148
3.02149
3.0215
3.0215
3.02151
3.02152
3.02152
3.02153
3.02154
3.02155
3.02156
3.02157
3.02158
3.0216
3.02161
3.02163
3.02164
3.02166
3.02167
3.02168
3.0217
3.0217
3.02171
3.02172
3.02172
3.02172
3.02171
3.02171
3.0217
3.02169
3.02168
3.02168
3.02167
3.02167
3.02166
3.02167
3.02167
3.02168
3.0217
3.02173
3.02176
3.02179
3.02184
3.02189
3.02195
3.02202
3.02209
3.02217
3.02225
3.02234
3.02243
3.02252
3.02262
3.02272
3.02281
3.02291
3.02301
3.0231
3.0232
3.02329
3.02338
3.02346
3.02355
3.02362
3.0237
3.02377
3.02384
3.02391
3.02397
3.02403
3.02408
3.02413
3.02417
3.02422
3.02425
3.02428
3.02431
3.02434
3.02436
3.02437
3.02439
3.0244
3.0244
3.0244
3.0244
3.02439
3.02438
3.02437
3.02436
3.02434
3.02432
3.0243
3.02428
3.02427
3.02425
3.02423
3.02422
3.02421
3.0242
3.0242
3.0242
3.0242
3.02421
3.02423
3.02425
3.02427
3.0243
3.02433
3.02436
3.0244
3.02444
3.02449
3.02453
3.02457
3.02462
3.02466
3.0247
3.02474
3.02477
3.02481
3.02483
3.02486
3.02487
3.02489
3.0249
3.0249
3.0249
3.0249
3.02489
3.02488
3.02487
3.02485
3.02483
3.02481
3.02478
3.02476
3.02473
3.0247
3.02468
3.02465
3.02463
3.0246
3.02458
3.02456
3.02454
3.02453
3.02451
3.0245
3.02449
3.02449
3.02448
3.02449
3.02449
3.0245
3.02451
3.02453
3.02455
3.02457
3.0246
3.02463
3.02467
3.02471
3.02475
3.0248
3.02485
3.0249
3.02495
3.02501
3.02507
3.02513
3.02519
3.02524
3.0253
3.02535
3.02541
3.02545
3.0255
3.02554
3.02557
3.0256
3.02562
3.02564
3.02565
3.02565
3.02564
3.02563
3.02561
3.02558
3.02555
3.02551
3.02546
3.02542
3.02536
3.02531
3.02525
3.0252
3.02514
3.02508
3.02502
3.02497
3.02491
3.02486
3.02481
3.02477
3.02472
3.02469
3.02465
3.02462
3.0246
3.02458
3.02456
3.02454
3.02454
3.02453
3.02453
3.02453
3.02453
3.02454
3.02455
3.02456
3.02457
3.02458
3.02459
3.0246
3.02462
3.02463
3.02464
3.02465
3.02466
3.02467
3.02468
3.02468
3.02468
3.02469
3.02469
3.02468
3.02468
3.02467
3.02466
3.02465
3.02463
3.02461
3.02459
3.02457
3.02454
3.02451
3.02448
3.02445
3.02442
3.02438
3.02435
3.02431
3.02428
3.02424
3.02421
3.02418
3.02414
3.02411
3.02409
3.02406
3.02403
3.02401
3.02399
3.02397
3.02396
3.02394
3.02393
3.02392
3.02391
3.0239
3.0239
3.02389
3.02389
3.02389
3.02389
3.02389
3.02388
3.02388
3.02388
3.02388
3.02388
3.02388
3.02388
3.02388
3.02388
3.02388
3.02388
3.02387
3.02387
3.02386
3.02386
3.02385
3.02385
3.02384
3.02383
3.02381
3.0238
3.02378
3.02377
3.02375
3.02373
3.02371
3.02369
3.02366
3.02364
3.02361
3.02359
3.02356
3.02353
3.0235
3.02348
3.02345
3.02342
3.0234
3.02337
3.02335
3.02333
3.02331
3.02329
3.02328
3.02326
3.02325
3.02325
3.02324
3.02324
3.02324
3.02324
3.02324
3.02325
3.02326
3.02327
3.02327
3.02328
3.02329
3.0233
3.0233
3.02331
3.02331
3.02331
3.02331
3.0233
3.0233
3.02329
3.02327
3.02326
3.02324
3.02322
3.0232
3.02317
3.02315
3.02312
3.02309
3.02306
3.02304
3.02301
3.02298
3.02295
3.02292
3.0229
3.02288
3.02285
3.02283
3.02282
3.0228
3.02279
3.02278
3.02277
3.02277
3.02276
3.02276
3.02276
3.02277
3.02277
3.02278
3.02279
3.0228
3.02281
3.02282
3.02284
3.02285
3.02287
3.0229
3.02292
3.02294
3.02297
3.023
3.02303
3.02306
3.0231
3.02314
3.02317
3.02321
3.02325
3.02329
3.02334
3.02338
3.02342
3.02347
3.02351
3.02355
3.0236
3.02363
3.02367
3.02371
3.02374
3.02377
3.0238
3.02383
3.02385
3.02386
3.02388
3.02389
3.02389
3.02389
3.02389
3.02388
3.02387
3.02385
3.02384
3.02381
3.02378
3.02375
3.02372
3.02368
3.02364
3.0236
3.02355
3.0235
3.02345
3.0234
3.02335
3.02329
3.02324
3.02318
3.02312
3.02306
3.02301
3.02295
3.02289
3.02283
3.02277
3.02271
3.02266
3.0226
3.02255
3.0225
3.02245
3.0224
3.02236
3.02232
3.02228
3.02224
3.02221
3.02218
3.02216
3.02214
3.02212
3.02211
3.0221
3.0221
3.0221
3.0221
3.02211
3.02212
3.02214
3.02216
3.02218
3.02221
3.02224
3.02227
3.0223
3.02234
3.02238
3.02243
3.02248
3.02252
3.02257
3.02262
3.02267
3.02272
3.02277
3.02282
3.02287
3.02292
3.02296
3.023
3.02304
3.02307
3.0231
3.02313
3.02315
3.02318
3.02319
3.02321
3.02322
3.02322
3.02322
3.02322
3.02322
3.02321
3.02321
3.0232
3.02319
3.02318
3.02316
3.02315
3.02314
3.02313
3.02312
3.02312
3.02311
3.02311
3.02311
3.02311
3.02312
3.02312
3.02314
3.02315
3.02317
3.02319
3.02321
3.02324
3.02327
3.0233
3.02334
3.02337
3.02341
3.02345
3.0235
3.02354
3.02359
3.02364
3.02369
3.02374
3.02379
3.02384
3.02389
3.02394
3.02398
3.02403
3.02408
3.02412
3.02416
3.02419
3.02423
3.02425
3.02428
3.0243
3.02431
3.02432
3.02432
3.02432
3.02431
3.0243
3.02428
3.02425
3.02422
3.02418
3.02415
3.0241
3.02405
3.024
3.02395
3.0239
3.02384
3.02378
3.02372
3.02367
3.02361
3.02355
3.0235
3.02345
3.0234
3.02335
3.02331
3.02327
3.02323
3.02319
3.02316
3.02314
3.02311
3.02309
3.02308
3.02306
3.02305
3.02305
3.02304
3.02304
3.02304
3.02304
3.02304
3.02304
3.02304
3.02304
3.02304
3.02303
3.02303
3.02302
3.02301
3.023
3.02299
3.02297
3.02295
3.02293
3.0229
3.02287
3.02283
3.02279
3.02275
3.02271
3.02266
3.02261
3.02255
3.0225
3.02244
3.02239
3.02234
3.02228
3.02223
3.02218
3.02214
3.0221
3.02206
3.02203
3.022
3.02198
3.02196
3.02196
3.02196
3.02197
3.02198
3.02201
3.02204
3.02208
3.02212
3.02218
3.02224
3.02231
3.02238
3.02247
3.02255
3.02265
3.02274
3.02285
3.02295
3.02306
3.02317
3.02329
3.0234
3.02351
3.02363
3.02374
3.02385
3.02395
3.02405
3.02415
3.02424
3.02432
3.0244
3.02447
3.02453
3.02458
3.02463
3.02467
3.0247
3.02472
3.02474
3.02475
3.02474
3.02473
3.02472
3.02469
3.02466
3.02463
3.02459
3.02454
3.02449
3.02444
3.02438
3.02432
3.02426
3.0242
3.02414
3.02408
3.02403
3.02397
3.02391
3.02386
3.02381
3.02376
3.02372
3.02368
3.02364
3.02361
3.02359
3.02356
3.02355
3.02353
3.02352
3.02352
3.02351
3.02351
3.02351
3.02351
3.02352
3.02352
3.02352
3.02352
3.02353
3.02353
3.02352
3.02352
3.02351
3.0235
3.02348
3.02347
3.02344
3.02341
3.02338
3.02335
3.02331
3.02326
3.02322
3.02317
3.02311
3.02305
3.023
3.02293
3.02287
3.02281
3.02275
3.02269
3.02262
3.02257
3.02251
3.02246
3.02241
3.02236
3.02232
3.02228
3.02225
3.02222
3.0222
3.02219
3.02218
3.02218
3.02218
3.02219
3.0222
3.02222
3.02224
3.02227
3.0223
3.02234
3.02237
3.02242
3.02246
3.0225
3.02255
3.02259
3.02264
3.02268
3.02272
3.02276
3.02279
3.02282
3.02284
3.02286
3.02287
3.02288
3.02288
3.02288
3.02287
3.02285
3.02283
3.0228
3.02277
3.02273
3.02268
3.02264
3.02258
3.02253
3.02247
3.02241
3.02234
3.02228
3.02221
3.02215
3.02209
3.02203
3.02197
3.02191
3.02185
3.0218
3.02175
3.02171
3.02167
3.02163
3.0216
3.02157
3.02154
3.02152
3.0215
3.02149
3.02147
3.02146
3.02145
3.02145
3.02144
3.02144
3.02143
3.02143
3.02143
3.02142
3.02141
3.02141
3.0214
3.02138
3.02137
3.02136
3.02134
3.02132
3.0213
3.02127
3.02124
3.02122
3.02119
3.02115
3.02112
3.02109
3.02105
3.02102
3.02098
3.02095
3.02091
3.02088
3.02085
3.02083
3.0208
3.02078
3.02077
3.02076
3.02075
3.02075
3.02076
3.02077
3.02079
3.02081
3.02084
3.02088
3.02092
3.02097
3.02102
3.02108
3.02114
3.02121
3.02128
3.02135
3.02142
3.0215
3.02157
3.02165
3.02172
3.0218
3.02187
3.02193
3.022
3.02206
3.02212
3.02217
3.02222
3.02226
3.0223
3.02233
3.02236
3.02238
3.0224
3.02241
3.02241
3.02241
3.02241
3.0224
3.02239
3.02238
3.02236
3.02234
3.02232
3.0223
3.02228
3.02226
3.02224
3.02222
3.0222
3.02218
3.02216
3.02215
3.02214
3.02213
3.02213
3.02213
3.02213
3.02214
3.02216
3.02217
3.0222
3.02223
3.02227
3.02231
3.02235
3.0224
3.02246
3.02251
3.02258
3.02264
3.02271
3.02278
3.02285
3.02293
3.023
3.02307
3.02314
3.02321
3.02327
3.02333
3.02339
3.02344
3.02349
3.02354
3.02358
3.02361
3.02364
3.02367
3.02369
3.0237
3.02371
3.02372
3.02372
3.02372
3.02372
3.02372
3.02371
3.02371
3.0237
3.0237
3.0237
3.0237
3.0237
3.0237
3.02371
3.02372
3.02374
3.02376
3.02378
3.02381
3.02383
3.02387
3.0239
3.02394
3.02398
3.02402
3.02406
3.02411
3.02415
3.0242
3.02425
3.02429
3.02434
3.02438
3.02442
3.02446
3.0245
3.02454
3.02457
3.0246
3.02463
3.02466
3.02468
3.02469
3.02471
3.02472
3.02472
3.02473
3.02473
3.02473
3.02472
3.02471
3.0247
3.02469
3.02467
3.02465
3.02464
3.02462
3.0246
3.02458
3.02456
3.02454
3.02452
3.0245
3.02448
3.02446
3.02445
3.02443
3.02441
3.0244
3.02439
3.02438
3.02437
3.02436
3.02436
3.02435
3.02435
3.02435
3.02435
3.02436
3.02436
3.02436
3.02437
3.02437
3.02437
3.02438
3.02438
3.02438
3.02438
3.02438
3.02438
3.02437
3.02437
3.02436
3.02435
3.02433
3.02432
3.0243
3.02428
3.02426
3.02424
3.02421
3.02418
3.02415
3.02412
3.02409
3.02406
3.02403
3.024
3.02396
3.02393
3.0239
3.02386
3.02383
3.0238
3.02377
3.02374
3.0237
3.02367
3.02365
3.02362
3.02359
3.02357
3.02355
3.02353
3.02351
3.02349
3.02348
3.02346
3.02345
3.02344
3.02343
3.02342
3.02342
3.02342
3.02342
3.02342
3.02342
3.02342
3.02343
3.02344
3.02344
3.02345
3.02346
3.02347
3.02348
3.02348
3.02349
3.0235
3.02351
3.02351
3.02352
3.02353
3.02354
3.02354
3.02355
3.02356
3.02357
3.02357
3.02358
3.02359
3.0236
3.02361
3.02362
3.02364
3.02365
3.02366
3.02368
3.0237
3.02372
3.02373
3.02375
3.02377
3.0238
3.02382
3.02384
3.02385
3.02387
3.02389
3.0239
3.02391
3.02392
3.02393
3.02394
3.02394
3.02394
3.02394
3.02394
3.02393
3.02392
3.02392
3.02391
3.0239
3.02389
3.02387
3.02386
3.02385
3.02384
3.02383
3.02382
3.02381
3.0238
3.0238
3.02379
3.02379
3.02379
3.02379
3.02379
3.0238
3.02381
3.02381
3.02383
3.02384
3.02386
3.02387
3.02389
3.02391
3.02393
3.02396
3.02398
3.024
3.02403
3.02405
3.02407
3.0241
3.02412
3.02414
3.02416
3.02418
3.0242
3.02422
3.02423
3.02425
3.02426
3.02427
3.02427
3.02427
3.02427
3.02427
3.02426
3.02425
3.02423
3.02421
3.02419
3.02417
3.02414
3.0241
3.02407
3.02403
3.02399
3.02395
3.02391
3.02387
3.02383
3.02378
3.02374
3.0237
3.02366
3.02362
3.02358
3.02354
3.02351
3.02348
3.02346
3.02343
3.02342
3.0234
3.02339
3.02339
3.02339
3.0234
3.0234
3.02342
3.02344
3.02346
3.02348
3.02351
3.02354
3.02357
3.02361
3.02365
3.02369
3.02372
3.02376
3.0238
3.02384
3.02387
3.02391
3.02394
3.02397
3.02399
3.02401
3.02403
3.02404
3.02405
3.02405
3.02405
3.02405
3.02404
3.02402
3.024
3.02398
3.02395
3.02392
3.02389
3.02385
3.02381
3.02377
3.02372
3.02368
3.02363
3.02359
3.02354
3.0235
3.02345
3.02341
3.02338
3.02334
3.02331
3.02328
3.02326
3.02323
3.02322
3.0232
3.02319
3.02319
3.02318
3.02319
3.02319
3.02319
3.0232
3.02321
3.02322
3.02323
3.02323
3.02324
3.02325
3.02326
3.02326
3.02327
3.02327
3.02327
3.02327
3.02327
3.02326
3.02326
3.02325
3.02324
3.02324
3.02323
3.02322
3.02321
3.02321
3.0232
3.0232
3.0232
3.0232
3.0232
3.02321
3.02322
3.02323
3.02325
3.02327
3.0233
3.02333
3.02336
3.0234
3.02343
3.02348
3.02352
3.02357
3.02362
3.02367
3.02372
3.02378
3.02383
3.02389
3.02395
3.024
3.02406
3.02411
3.02416
3.02422
3.02427
3.02431
3.02436
3.0244
3.02444
3.02448
3.02451
3.02454
3.02456
3.02458
3.0246
3.02461
3.02462
3.02462
3.02462
3.02461
3.0246
3.02459
3.02457
3.02454
3.02452
3.02449
3.02445
3.02442
3.02438
3.02434
3.0243
3.02425
3.02421
3.02416
3.02412
3.02407
3.02403
3.02398
3.02394
3.0239
3.02386
3.02382
3.02378
3.02375
3.02372
3.0237
3.02368
3.02366
3.02365
3.02364
3.02363
3.02363
3.02363
3.02363
3.02364
3.02365
3.02366
3.02368
3.0237
3.02371
3.02374
3.02376
3.02378
3.0238
3.02383
3.02385
3.02387
3.0239
3.02392
3.02394
3.02396
3.02399
3.02401
3.02403
3.02405
3.02407
3.02409
3.02411
3.02412
3.02414
3.02416
3.02418
3.02419
3.02421
3.02422
3.02424
3.02425
3.02427
3.02428
3.02429
3.02431
3.02432
3.02433
3.02434
3.02435
3.02436
3.02437
3.02438
3.02439
3.0244
3.0244
3.02441
3.02441
3.02441
3.02441
3.02441
3.0244
3.0244
3.02439
3.02437
3.02436
3.02434
3.02432
3.02429
3.02426
3.02423
3.0242
3.02416
3.02413
3.02409
3.02405
3.024
3.02396
3.02392
3.02388
3.02383
3.02379
3.02375
3.02372
3.02368
3.02365
3.02362
3.02359
3.02357
3.02355
3.02354
3.02353
3.02353
3.02353
3.02353
3.02354
3.02355
3.02357
3.02359
3.02361
3.02364
3.02367
3.0237
3.02374
3.02377
3.02381
3.02385
3.02389
3.02394
3.02398
3.02402
3.02407
3.02411
3.02416
3.0242
3.02425
3.02429
3.02433
3.02438
3.02442
3.02445
3.02449
3.02453
3.02456
3.02459
3.02463
3.02465
3.02468
3.0247
3.02473
3.02475
3.02476
3.02478
3.02479
3.0248
3.02481
3.02482
3.02483
3.02484
3.02484
3.02485
3.02485
3.02486
3.02487
3.02487
3.02487
3.02488
3.02488
3.02489
3.02489
3.0249
3.0249
3.02491
3.02492
3.02492
3.02493
3.02493
3.02493
3.02493
3.02493
3.02493
3.02493
3.02492
3.02491
3.0249
3.02489
3.02487
3.02484
3.02482
3.02479
3.02476
3.02472
3.02468
3.02464
3.0246
3.02455
3.0245
3.02445
3.0244
3.02434
3.02429
3.02423
3.02418
3.02412
3.02406
3.024
3.02395
3.02389
3.02383
3.02378
3.02372
3.02367
3.02362
3.02357
3.02352
3.02347
3.02343
3.02339
3.02335
3.02332
3.02328
3.02325
3.02323
3.02321
3.02319
3.02317
3.02316
3.02316
3.02315
3.02316
3.02317
3.02318
3.0232
3.02322
3.02324
3.02327
3.02331
3.02334
3.02339
3.02343
3.02348
3.02353
3.02358
3.02363
3.02368
3.02373
3.02378
3.02383
3.02388
3.02392
3.02396
3.024
3.02404
3.02408
3.02411
3.02414
3.02416
3.02419
3.02421
3.02422
3.02423
3.02424
3.02425
3.02426
3.02426
3.02426
3.02426
3.02426
3.02426
3.02425
3.02425
3.02424
3.02424
3.02423
3.02423
3.02422
3.02422
3.02422
3.02422
3.02422
3.02422
3.02422
3.02422
3.02423
3.02423
3.02424
3.02425
3.02426
3.02427
3.02429
3.0243
3.02432
3.02433
3.02435
3.02437
3.02438
3.0244
3.02441
3.02443
3.02444
3.02445
3.02446
3.02446
3.02447
3.02447
3.02447
3.02446
3.02446
3.02445
3.02443
3.02441
3.0244
3.02437
3.02435
3.02432
3.0243
3.02427
