-1.77543
-1.77597
-1.7765
-1.77703
-1.77755
-1.77806
-1.77857
-1.77906
-1.77955
-1.78003
-1.7805
-1.78095
-1.7814
-1.78184
-1.78226
-1.78267
-1.78307
-1.78346
-1.78383
-1.78419
-1.78454
-1.78488
-1.7852
-1.7855
-1.78579
-1.78607
-1.78634
-1.78659
-1.78683
-1.78705
-1.78726
-1.78745
-1.78763
-1.7878
-1.78795
-1.78809
-1.78821
-1.78832
-1.78842
-1.78851
-1.78859
-1.78865
-1.7887
-1.78875
-1.78878
-1.7888
-1.78882
-1.78882
-1.78882
-1.78881
-1.7888
-1.78878
-1.78875
-1.78872
-1.78869
-1.78865
-1.78861
-1.78857
-1.78852
-1.78847
-1.78841
-1.78836
-1.7883
-1.78824
-1.78817
-1.78811
-1.78804
-1.78797
-1.7879
-1.78783
-1.78776
-1.78768
-1.7876
-1.78753
-1.78744
-1.78736
-1.78728
-1.7872
-1.78711
-1.78703
-1.78694
-1.78685
-1.78676
-1.78667
-1.78658
-1.7865
-1.78641
-1.78632
-1.78622
-1.78614
-1.78605
-1.78596
-1.78587
-1.78579
-1.7857
-1.78562
-1.78554
-1.78547
-1.78539
-1.78532
-1.78525
-1.78519
-1.78513
-1.78507
-1.78501
-1.78496
-1.78492
-1.78488
-1.78484
-1.78481
-1.78478
-1.78476
-1.78474
-1.78473
-1.78472
-1.78471
-1.78471
-1.78471
-1.78472
-1.78473
-1.78474
-1.78475
-1.78477
-1.78479
-1.78481
-1.78483
-1.78485
-1.78487
-1.7849
-1.78492
-1.78494
-1.78496
-1.78498
-1.785
-1.78502
-1.78503
-1.78505
-1.78506
-1.78506
-1.78507
-1.78507
-1.78506
-1.78505
-1.78504
-1.78502
-1.785
-1.78498
-1.78495
-1.78492
-1.78488
-1.78484
-1.7848
-1.78476
-1.78471
-1.78466
-1.78461
-1.78456
-1.78451
-1.78445
-1.7844
-1.78434
-1.78429
-1.78424
-1.78418
-1.78413
-1.78408
-1.78403
-1.78399
-1.78394
-1.7839
-1.78386
-1.78382
-1.78379
-1.78376
-1.78374
-1.78371
-1.7837
-1.78368
-1.78367
-1.78367
-1.78366
-1.78366
-1.78367
-1.78367
-1.78368
-1.7837
-1.78371
-1.78373
-1.78375
-1.78378
-1.78381
-1.78384
-1.78387
-1.7839
-1.78393
-1.78397
-1.784
-1.78404
-1.78408
-1.78411
-1.78415
-1.78419
-1.78423
-1.78427
-1.7843
-1.78434
-1.78438
-1.78441
-1.78445
-1.78448
-1.78451
-1.78454
-1.78457
-1.7846
-1.78463
-1.78465
-1.78468
-1.7847
-1.78472
-1.78473
-1.78475
-1.78476
-1.78477
-1.78478
-1.78479
-1.78479
-1.78479
-1.78479
-1.78479
-1.78479
-1.78478
-1.78477
-1.78477
-1.78476
-1.78475
-1.78474
-1.78472
-1.78471
-1.7847
-1.78469
-1.78468
-1.78466
-1.78465
-1.78464
-1.78463
-1.78462
-1.78461
-1.7846
-1.78459
-1.78458
-1.78457
-1.78456
-1.78455
-1.78454
-1.78454
-1.78453
-1.78452
-1.78452
-1.78451
-1.78451
-1.7845
-1.7845
-1.78449
-1.78449
-1.78448
-1.78448
-1.78447
-1.78447
-1.78446
-1.78445
-1.78445
-1.78444
-1.78443
-1.78442
-1.78441
-1.7844
-1.78438
-1.78437
-1.78436
-1.78434
-1.78432
-1.78431
-1.78429
-1.78427
-1.78426
-1.78424
-1.78422
-1.78421
-1.78419
-1.78418
-1.78416
-1.78415
-1.78414
-1.78413
-1.78412
-1.78411
-1.78411
-1.7841
-1.7841
-1.7841
-1.7841
-1.78411
-1.78411
-1.78412
-1.78413
-1.78414
-1.78416
-1.78417
-1.78419
-1.7842
-1.78422
-1.78424
-1.78426
-1.78429
-1.78431
-1.78433
-1.78436
-1.78438
-1.7844
-1.78443
-1.78445
-1.78447
-1.7845
-1.78452
-1.78454
-1.78456
-1.78458
-1.78459
-1.78461
-1.78462
-1.78463
-1.78465
-1.78465
-1.78466
-1.78467
-1.78468
-1.78469
-1.78469
-1.7847
-1.78471
-1.78472
-1.78473
-1.78473
-1.78474
-1.78476
-1.78477
-1.78478
-1.7848
-1.78481
-1.78483
-1.78485
-1.78487
-1.78489
-1.78491
-1.78494
-1.78496
-1.78498
-1.785
-1.78503
-1.78505
-1.78507
-1.78509
-1.78511
-1.78513
-1.78515
-1.78516
-1.78517
-1.78519
-1.78519
-1.7852
-1.7852
-1.7852
-1.7852
-1.78519
-1.78518
-1.78516
-1.78514
-1.78512
-1.78509
-1.78506
-1.78502
-1.78498
-1.78494
-1.7849
-1.78485
-1.7848
-1.78475
-1.7847
-1.78465
-1.78459
-1.78454
-1.78449
-1.78445
-1.7844
-1.78436
-1.78432
-1.78428
-1.78425
-1.78422
-1.7842
-1.78418
-1.78416
-1.78415
-1.78414
-1.78414
-1.78414
-1.78415
-1.78416
-1.78417
-1.78419
-1.78421
-1.78423
-1.78425
-1.78428
-1.78431
-1.78434
-1.78437
-1.7844
-1.78444
-1.78447
-1.7845
-1.78453
-1.78456
-1.78459
-1.78462
-1.78464
-1.78467
-1.78469
-1.7847
-1.78472
-1.78473
-1.78474
-1.78474
-1.78474
-1.78475
-1.78474
-1.78474
-1.78473
-1.78472
-1.78471
-1.7847
-1.78469
-1.78467
-1.78466
-1.78465
-1.78463
-1.78462
-1.7846
-1.78459
-1.78458
-1.78457
-1.78455
-1.78454
-1.78453
-1.78452
-1.78452
-1.78451
-1.78451
-1.7845
-1.7845
-1.7845
-1.7845
-1.7845
-1.7845
-1.7845
-1.7845
-1.78451
-1.78451
-1.78451
-1.78452
-1.78452
-1.78453
-1.78453
-1.78453
-1.78453
-1.78454
-1.78453
-1.78453
-1.78453
-1.78452
-1.78451
-1.7845
-1.78449
-1.78448
-1.78446
-1.78445
-1.78443
-1.78441
-1.78439
-1.78437
-1.78435
-1.78432
-1.7843
-1.78428
-1.78426
-1.78424
-1.78421
-1.78419
-1.78418
-1.78416
-1.78414
-1.78413
-1.78412
-1.78411
-1.78411
-1.78411
-1.78411
-1.78411
-1.78411
-1.78412
-1.78414
-1.78415
-1.78417
-1.7842
-1.78422
-1.78425
-1.78429
-1.78432
-1.78436
-1.7844
-1.78444
-1.78448
-1.78452
-1.78456
-1.78461
-1.78465
-1.78469
-1.78474
-1.78478
-1.78482
-1.78486
-1.78489
-1.78493
-1.78496
-1.78498
-1.78501
-1.78503
-1.78505
-1.78506
-1.78508
-1.78508
-1.78509
-1.78509
-1.78509
-1.78509
-1.78508
-1.78507
-1.78506
-1.78505
-1.78503
-1.78501
-1.785
-1.78498
-1.78496
-1.78494
-1.78492
-1.7849
-1.78488
-1.78486
-1.78484
-1.78482
-1.7848
-1.78478
-1.78477
-1.78475
-1.78473
-1.78472
-1.78471
-1.78469
-1.78468
-1.78466
-1.78465
-1.78463
-1.78462
-1.7846
-1.78458
-1.78456
-1.78454
-1.78452
-1.78449
-1.78447
-1.78444
-1.78441
-1.78438
-1.78434
-1.78431
-1.78427
-1.78423
-1.78418
-1.78414
-1.78409
-1.78404
-1.784
-1.78395
-1.7839
-1.78385
-1.7838
-1.78376
-1.78371
-1.78367
-1.78362
-1.78358
-1.78355
-1.78351
-1.78348
-1.78346
-1.78343
-1.78342
-1.7834
-1.78339
-1.78339
-1.78339
-1.78339
-1.7834
-1.78342
-1.78344
-1.78346
-1.78348
-1.78352
-1.78355
-1.78359
-1.78363
-1.78368
-1.78372
-1.78377
-1.78382
-1.78388
-1.78393
-1.78398
-1.78403
-1.78408
-1.78413
-1.78418
-1.78422
-1.78426
-1.7843
-1.78434
-1.78436
-1.78439
-1.78441
-1.78442
-1.78443
-1.78444
-1.78444
-1.78443
-1.78442
-1.78441
-1.78439
-1.78438
-1.78435
-1.78433
-1.78431
-1.78428
-1.78425
-1.78423
-1.7842
-1.78418
-1.78415
-1.78413
-1.78411
-1.78409
-1.78407
-1.78405
-1.78404
-1.78403
-1.78403
-1.78402
-1.78402
-1.78402
-1.78403
-1.78404
-1.78405
-1.78406
-1.78408
-1.78409
-1.78411
-1.78413
-1.78415
-1.78417
-1.78419
-1.78421
-1.78423
-1.78425
-1.78427
-1.78428
-1.7843
-1.7843
-1.78431
-1.78432
-1.78432
-1.78431
-1.78431
-1.7843
-1.78428
-1.78427
-1.78425
-1.78423
-1.7842
-1.78417
-1.78414
-1.78411
-1.78408
-1.78405
-1.78402
-1.78398
-1.78395
-1.78392
-1.78389
-1.78386
-1.78383
-1.78381
-1.78379
-1.78377
-1.78376
-1.78375
-1.78374
-1.78374
-1.78374
-1.78374
-1.78375
-1.78377
-1.78379
-1.78381
-1.78383
-1.78386
-1.7839
-1.78393
-1.78397
-1.78401
-1.78406
-1.7841
-1.78415
-1.78419
-1.78424
-1.78429
-1.78433
-1.78437
-1.78441
-1.78445
-1.78448
-1.78451
-1.78454
-1.78456
-1.78457
-1.78459
-1.78459
-1.7846
-1.78459
-1.78458
-1.78457
-1.78455
-1.78453
-1.7845
-1.78447
-1.78443
-1.78439
-1.78434
-1.7843
-1.78425
-1.78419
-1.78414
-1.78408
-1.78402
-1.78397
-1.78391
-1.78385
-1.78379
-1.78374
-1.78369
-1.78364
-1.78359
-1.78355
-1.78351
-1.78347
-1.78343
-1.7834
-1.78338
-1.78336
-1.78334
-1.78333
-1.78332
-1.78331
-1.78331
-1.78332
-1.78332
-1.78333
-1.78335
-1.78337
-1.78339
-1.78341
-1.78343
-1.78346
-1.78349
-1.78352
-1.78355
-1.78358
-1.78361
-1.78364
-1.78368
-1.78371
-1.78374
-1.78377
-1.78379
-1.78382
-1.78384
-1.78386
-1.78388
-1.7839
-1.78391
-1.78393
-1.78394
-1.78395
-1.78396
-1.78396
-1.78397
-1.78397
-1.78397
-1.78397
-1.78397
-1.78397
-1.78396
-1.78396
-1.78396
-1.78396
-1.78396
-1.78395
-1.78395
-1.78395
-1.78395
-1.78395
-1.78396
-1.78396
-1.78396
-1.78396
-1.78397
-1.78398
-1.78398
-1.78399
-1.784
-1.78401
-1.78402
-1.78403
-1.78404
-1.78406
-1.78407
-1.78408
-1.78409
-1.7841
-1.78411
-1.78412
-1.78412
-1.78413
-1.78413
-1.78414
-1.78414
-1.78414
-1.78414
-1.78414
-1.78414
-1.78413
-1.78413
-1.78413
-1.78412
-1.78412
-1.78412
-1.78411
-1.78411
-1.78411
-1.7841
-1.7841
-1.7841
-1.7841
-1.7841
-1.7841
-1.78411
-1.78411
-1.78412
-1.78413
-1.78414
-1.78415
-1.78416
-1.78417
-1.78419
-1.7842
-1.78422
-1.78423
-1.78425
-1.78426
-1.78428
-1.78429
-1.78431
-1.78432
-1.78434
-1.78435
-1.78436
-1.78437
-1.78438
-1.78439
-1.78439
-1.78439
-1.78439
-1.78439
-1.78439
-1.78438
-1.78437
-1.78436
-1.78435
-1.78433
-1.78432
-1.7843
-1.78428
-1.78425
-1.78423
-1.7842
-1.78418
-1.78415
-1.78412
-1.78409
-1.78406
-1.78403
-1.784
-1.78398
-1.78395
-1.78392
-1.78389
-1.78386
-1.78383
-1.78381
-1.78378
-1.78376
-1.78373
-1.78371
-1.78369
-1.78367
-1.78364
-1.78363
-1.78361
-1.78359
-1.78357
-1.78356
-1.78355
-1.78354
-1.78353
-1.78352
-1.78352
-1.78351
-1.78351
-1.78351
-1.78351
-1.78352
-1.78352
-1.78353
-1.78354
-1.78355
-1.78356
-1.78357
-1.78359
-1.7836
-1.78362
-1.78363
-1.78365
-1.78367
-1.78369
-1.7837
-1.78372
-1.78374
-1.78376
-1.78378
-1.7838
-1.78383
-1.78385
-1.78387
-1.78389
-1.78391
-1.78393
-1.78396
-1.78398
-1.784
-1.78402
-1.78404
-1.78405
-1.78407
-1.78409
-1.7841
-1.78411
-1.78412
-1.78413
-1.78414
-1.78414
-1.78415
-1.78415
-1.78415
-1.78415
-1.78415
-1.78415
-1.78414
-1.78414
-1.78413
-1.78413
-1.78412
-1.78412
-1.78411
-1.78411
-1.7841
-1.7841
-1.7841
-1.78409
-1.78409
-1.78408
-1.78408
-1.78408
-1.78408
-1.78408
-1.78408
-1.78408
-1.78408
-1.78408
-1.78409
-1.78409
-1.7841
-1.78411
-1.78411
-1.78412
-1.78414
-1.78415
-1.78416
-1.78417
-1.78419
-1.78421
-1.78422
-1.78424
-1.78425
-1.78427
-1.78428
-1.7843
-1.78431
-1.78433
-1.78434
-1.78435
-1.78436
-1.78437
-1.78438
-1.78439
-1.78439
-1.7844
-1.7844
-1.7844
-1.7844
-1.7844
-1.7844
-1.7844
-1.78439
-1.78439
-1.78438
-1.78437
-1.78436
-1.78435
-1.78433
-1.78432
-1.7843
-1.78428
-1.78426
-1.78424
-1.78421
-1.78419
-1.78417
-1.78414
-1.78412
-1.78409
-1.78407
-1.78405
-1.78402
-1.784
-1.78399
-1.78397
-1.78395
-1.78394
-1.78393
-1.78393
-1.78392
-1.78392
-1.78392
-1.78392
-1.78393
-1.78394
-1.78395
-1.78396
-1.78397
-1.78398
-1.78399
-1.78401
-1.78402
-1.78404
-1.78405
-1.78407
-1.78408
-1.78409
-1.78411
-1.78412
-1.78413
-1.78413
-1.78414
-1.78414
-1.78415
-1.78415
-1.78415
-1.78415
-1.78414
-1.78414
-1.78413
-1.78412
-1.78411
-1.7841
-1.78409
-1.78407
-1.78406
-1.78404
-1.78403
-1.78402
-1.784
-1.78399
-1.78398
-1.78397
-1.78396
-1.78396
-1.78395
-1.78395
-1.78395
-1.78395
-1.78396
-1.78397
-1.78398
-1.78399
-1.784
-1.78402
-1.78403
-1.78405
-1.78407
-1.7841
-1.78412
-1.78414
-1.78417
-1.78419
-1.78422
-1.78425
-1.78427
-1.7843
-1.78433
-1.78436
-1.78439
-1.78442
-1.78445
-1.78448
-1.78451
-1.78453
-1.78456
-1.78459
-1.78461
-1.78463
-1.78465
-1.78467
-1.78468
-1.7847
-1.78471
-1.78471
-1.78471
-1.78471
-1.78471
-1.7847
-1.78469
-1.78468
-1.78466
-1.78464
-1.78461
-1.78459
-1.78456
-1.78453
-1.78449
-1.78446
-1.78442
-1.78439
-1.78435
-1.78431
-1.78427
-1.78423
-1.78419
-1.78415
-1.78412
-1.78408
-1.78405
-1.78402
-1.78399
-1.78396
-1.78394
-1.78392
-1.78391
-1.7839
-1.7839
-1.7839
-1.7839
-1.78391
-1.78393
-1.78395
-1.78397
-1.784
-1.78404
-1.78408
-1.78412
-1.78417
-1.78422
-1.78428
-1.78433
-1.78439
-1.78445
-1.78451
-1.78456
-1.78462
-1.78468
-1.78473
-1.78478
-1.78483
-1.78487
-1.78491
-1.78494
-1.78497
-1.78499
-1.78501
-1.78502
-1.78502
-1.78502
-1.78501
-1.78499
-1.78497
-1.78495
-1.78492
-1.78488
-1.78483
-1.78479
-1.78473
-1.78468
-1.78462
-1.78456
-1.78449
-1.78443
-1.78436
-1.7843
-1.78424
-1.78417
-1.78412
-1.78406
-1.78401
-1.78396
-1.78392
-1.78388
-1.78385
-1.78383
-1.78382
-1.78381
-1.78381
-1.78381
-1.78382
-1.78384
-1.78386
-1.78389
-1.78393
-1.78396
-1.78401
-1.78405
-1.7841
-1.78415
-1.7842
-1.78425
-1.7843
-1.78435
-1.7844
-1.78444
-1.78449
-1.78452
-1.78456
-1.78459
-1.78461
-1.78463
-1.78465
-1.78466
-1.78466
-1.78466
-1.78465
-1.78463
-1.78461
-1.78459
-1.78455
-1.78452
-1.78448
-1.78443
-1.78439
-1.78434
-1.78429
-1.78423
-1.78418
-1.78413
-1.78408
-1.78403
-1.78398
-1.78394
-1.7839
-1.78386
-1.78383
-1.7838
-1.78378
-1.78377
-1.78376
-1.78375
-1.78376
-1.78376
-1.78378
-1.78379
-1.78382
-1.78384
-1.78387
-1.78391
-1.78394
-1.78398
-1.78402
-1.78406
-1.7841
-1.78414
-1.78419
-1.78422
-1.78426
-1.7843
-1.78433
-1.78436
-1.78438
-1.78441
-1.78443
-1.78444
-1.78445
-1.78446
-1.78446
-1.78446
-1.78446
-1.78445
-1.78443
-1.78442
-1.78439
-1.78437
-1.78434
-1.7843
-1.78427
-1.78423
-1.78419
-1.78415
-1.78411
-1.78407
-1.78402
-1.78398
-1.78394
-1.7839
-1.78386
-1.78383
-1.7838
-1.78377
-1.78374
-1.78371
-1.78369
-1.78368
-1.78366
-1.78365
-1.78364
-1.78364
-1.78363
-1.78363
-1.78363
-1.78363
-1.78364
-1.78364
-1.78365
-1.78366
-1.78367
-1.78368
-1.78369
-1.7837
-1.78372
-1.78373
-1.78375
-1.78377
-1.78378
-1.7838
-1.78382
-1.78384
-1.78386
-1.78389
-1.78391
-1.78393
-1.78395
-1.78398
-1.784
-1.78403
-1.78405
-1.78408
-1.7841
-1.78413
-1.78416
-1.78419
-1.78422
-1.78425
-1.78429
-1.78432
-1.78436
-1.7844
-1.78444
-1.78448
-1.78452
-1.78457
-1.78461
-1.78466
-1.78471
-1.78476
-1.78481
-1.78486
-1.78491
-1.78496
-1.78501
-1.78506
-1.7851
-1.78515
-1.78519
-1.78522
-1.78526
-1.78529
-1.78531
-1.78533
-1.78535
-1.78536
-1.78537
-1.78537
-1.78537
-1.78536
-1.78534
-1.78532
-1.7853
-1.78527
-1.78523
-1.78519
-1.78515
-1.7851
-1.78505
-1.78499
-1.78494
-1.78488
-1.78482
-1.78476
-1.7847
-1.78463
-1.78457
-1.78452
-1.78446
-1.7844
-1.78435
-1.7843
-1.78426
-1.78422
-1.78419
-1.78416
-1.78414
-1.78412
-1.78411
-1.7841
-1.7841
-1.78411
-1.78412
-1.78414
-1.78416
-1.78419
-1.78422
-1.78425
-1.78429
-1.78432
-1.78436
-1.7844
-1.78445
-1.78449
-1.78453
-1.78457
-1.78461
-1.78465
-1.78468
-1.78471
-1.78474
-1.78477
-1.78479
-1.78481
-1.78482
-1.78483
-1.78483
-1.78483
-1.78483
-1.78482
-1.78481
-1.78479
-1.78477
-1.78474
-1.78471
-1.78468
-1.78464
-1.7846
-1.78456
-1.78452
-1.78447
-1.78442
-1.78438
-1.78433
-1.78428
-1.78424
-1.78419
-1.78415
-1.78411
-1.78407
-1.78403
-1.78399
-1.78396
-1.78393
-1.78391
-1.78389
-1.78387
-1.78386
-1.78386
-1.78386
-1.78386
-1.78387
-1.78388
-1.78389
-1.78392
-1.78394
-1.78397
-1.784
-1.78404
-1.78408
-1.78412
-1.78417
-1.78421
-1.78426
-1.78432
-1.78437
-1.78442
-1.78447
-1.78453
-1.78458
-1.78463
-1.78468
-1.78473
-1.78478
-1.78482
-1.78487
-1.78491
-1.78495
-1.78499
-1.78502
-1.78505
-1.78508
-1.78511
-1.78513
-1.78515
-1.78518
-1.7852
-1.78521
-1.78523
-1.78525
-1.78526
-1.78527
-1.78528
-1.78529
-1.7853
-1.78531
-1.78531
-1.78532
-1.78532
-1.78532
-1.78532
-1.78532
-1.78532
-1.78532
-1.78532
-1.78532
-1.78532
-1.78531
-1.78531
-1.78531
-1.78531
-1.78531
-1.78531
-1.78531
-1.78531
-1.78532
-1.78532
-1.78533
-1.78534
-1.78534
-1.78535
-1.78536
-1.78537
-1.78538
-1.78539
-1.78539
-1.7854
-1.78541
-1.78541
-1.78542
-1.78542
-1.78542
-1.78542
-1.78541
-1.78541
-1.7854
-1.7854
-1.78539
-1.78538
-1.78537
-1.78536
-1.78534
-1.78533
-1.78532
-1.78531
-1.7853
-1.78529
-1.78528
-1.78527
-1.78526
-1.78525
-1.78525
-1.78524
-1.78524
-1.78523
-1.78523
-1.78523
-1.78523
-1.78523
-1.78523
-1.78523
-1.78523
-1.78524
-1.78525
-1.78526
-1.78527
-1.78529
-1.7853
-1.78532
-1.78535
-1.78538
-1.7854
-1.78544
-1.78547
-1.7855
-1.78554
-1.78558
-1.78561
-1.78565
-1.78569
-1.78572
-1.78576
-1.78579
-1.78583
-1.78586
-1.78588
-1.78591
-1.78593
-1.78595
-1.78597
-1.78599
-1.78601
-1.78602
-1.78603
-1.78605
-1.78606
-1.78607
-1.78609
-1.7861
-1.78611
-1.78613
-1.78614
-1.78615
-1.78616
-1.78618
-1.78619
-1.7862
-1.78621
-1.78621
-1.78622
-1.78622
-1.78622
-1.78622
-1.78621
-1.7862
-1.78619
-1.78617
-1.78615
-1.78613
-1.78611
-1.78608
-1.78605
-1.78602
-1.78599
-1.78596
-1.78593
-1.7859
-1.78587
-1.78584
-1.78581
-1.78578
-1.78576
-1.78573
-1.78571
-1.78569
-1.78567
-1.78565
-1.78563
-1.78562
-1.7856
-1.78558
-1.78557
-1.78555
-1.78553
-1.78552
-1.7855
-1.78548
-1.78546
-1.78545
-1.78543
-1.78541
-1.7854
-1.78538
-1.78536
-1.78535
-1.78533
-1.78531
-1.7853
-1.78528
-1.78526
-1.78524
-1.78522
-1.7852
-1.78518
-1.78515
-1.78513
-1.7851
-1.78507
-1.78503
-1.785
-1.78496
-1.78492
-1.78488
-1.78484
-1.78479
-1.78475
-1.78471
-1.78467
-1.78463
-1.78459
-1.78456
-1.78452
-1.78449
-1.78446
-1.78443
-1.7844
-1.78438
-1.78435
-1.78433
-1.78432
-1.7843
-1.78428
-1.78427
-1.78426
-1.78425
-1.78424
-1.78423
-1.78423
-1.78423
-1.78422
-1.78422
-1.78422
-1.78423
-1.78423
-1.78424
-1.78425
-1.78426
-1.78427
-1.78429
-1.7843
-1.78432
-1.78433
-1.78435
-1.78436
-1.78438
-1.78439
-1.7844
-1.78441
-1.78442
-1.78443
-1.78443
-1.78443
-1.78443
-1.78443
-1.78442
-1.78441
-1.7844
-1.78438
-1.78436
-1.78435
-1.78433
-1.78431
-1.78429
-1.78426
-1.78424
-1.78422
-1.78421
-1.78419
-1.78417
-1.78416
-1.78414
-1.78413
-1.78412
-1.78411
-1.7841
-1.78409
-1.78409
-1.78408
-1.78408
-1.78408
-1.78408
-1.78408
-1.78408
-1.78408
-1.78408
-1.78409
-1.7841
-1.78411
-1.78412
-1.78413
-1.78415
-1.78416
-1.78418
-1.7842
-1.78423
-1.78425
-1.78427
-1.7843
-1.78432
-1.78435
-1.78437
-1.7844
-1.78442
-1.78444
-1.78447
-1.78449
-1.78451
-1.78453
-1.78454
-1.78456
-1.78457
-1.78458
-1.78459
-1.7846
-1.78461
-1.78461
-1.78462
-1.78462
-1.78462
-1.78462
-1.78462
-1.78462
-1.78461
-1.78461
-1.7846
-1.78459
-1.78458
-1.78457
-1.78456
-1.78455
-1.78454
-1.78452
-1.78451
-1.78451
-1.7845
-1.78449
-1.78449
-1.78448
-1.78448
-1.78449
-1.78449
-1.7845
-1.78451
-1.78453
-1.78455
-1.78457
-1.78459
-1.78461
-1.78464
-1.78467
-1.78469
-1.78472
-1.78475
-1.78478
-1.78481
-1.78484
-1.78487
-1.78489
-1.78492
-1.78494
-1.78496
-1.78498
-1.785
-1.78502
-1.78503
-1.78504
-1.78506
-1.78507
-1.78508
-1.78508
-1.78509
-1.7851
-1.7851
-1.7851
-1.78511
-1.78511
-1.78511
-1.78511
-1.78511
-1.78511
-1.7851
-1.7851
-1.78509
-1.78509
-1.78508
-1.78507
-1.78506
-1.78505
-1.78504
-1.78503
-1.78502
-1.785
-1.78499
-1.78498
-1.78496
-1.78495
-1.78494
-1.78493
-1.78492
-1.78491
-1.7849
-1.78489
-1.78488
-1.78488
-1.78487
-1.78486
-1.78485
-1.78485
-1.78484
-1.78483
-1.78482
-1.78481
-1.7848
-1.78478
-1.78477
-1.78475
-1.78474
-1.78472
-1.7847
-1.78468
-1.78465
-1.78463
-1.78461
-1.78458
-1.78455
-1.78452
-1.78449
-1.78446
-1.78443
-1.7844
-1.78436
-1.78433
-1.78429
-1.78426
-1.78422
-1.78419
-1.78416
-1.78413
-1.7841
-1.78408
-1.78405
-1.78404
-1.78402
-1.78401
-1.784
-1.784
-1.78401
-1.78402
-1.78403
-1.78405
-1.78407
-1.7841
-1.78413
-1.78416
-1.7842
-1.78424
-1.78428
-1.78433
-1.78437
-1.78442
-1.78447
-1.78451
-1.78456
-1.78461
-1.78465
-1.7847
-1.78474
-1.78479
-1.78483
-1.78487
-1.7849
-1.78494
-1.78497
-1.785
-1.78503
-1.78505
-1.78507
-1.78508
-1.7851
-1.7851
-1.78511
-1.78511
-1.7851
-1.78509
-1.78507
-1.78506
-1.78503
-1.785
-1.78497
-1.78494
-1.7849
-1.78486
-1.78482
-1.78477
-1.78473
-1.78468
-1.78464
-1.78459
-1.78455
-1.7845
-1.78446
-1.78442
-1.78438
-1.78434
-1.78431
-1.78427
-1.78424
-1.78421
-1.78419
-1.78416
-1.78414
-1.78412
-1.7841
-1.78408
-1.78407
-1.78406
-1.78405
-1.78404
-1.78404
-1.78404
-1.78404
-1.78404
-1.78405
-1.78406
-1.78407
-1.78409
-1.7841
-1.78412
-1.78414
-1.78416
-1.78418
-1.7842
-1.78422
-1.78424
-1.78426
-1.78428
-1.7843
-1.78432
-1.78433
-1.78435
-1.78436
-1.78438
-1.7844
-1.78441
-1.78443
-1.78445
-1.78448
-1.78451
-1.78454
-1.78457
-1.78462
-1.78466
-1.78472
-1.78478
-1.78485
-1.78492
-1.785
-1.78509
-1.78519
-1.78529
-1.7854
-1.78551
-1.78563
-1.78576
-1.78589
-1.78603
-1.78617
-1.78632
-1.78647
-1.78663
-1.78679
-1.78696
-1.78712
-1.7873
-1.78747
-1.78765
-1.78783
-1.78802
-1.7882
-1.78839
-1.78858
-1.78878
-1.78897
-1.78916
-1.78935
-1.78954
-1.78973
-1.78991
-1.79009
-1.79026
-1.79043
-1.7906
-1.79076
-1.79091
-1.79105
-1.79119
-1.79132
-1.79145
-1.79157
-1.79169
-1.7918
-1.79191
-1.79201
-1.79212
-1.79222
-1.79232
-1.79242
-1.79252
-1.79262
-1.79272
-1.79283
-1.79294
-1.79306
-1.79317
-1.7933
-1.79343
-1.79356
-1.7937
-1.79385
-1.79401
-1.79417
-1.79433
-1.79451
-1.79469
-1.79488
-1.79508
-1.79528
-1.79549
-1.79571
-1.79594
-1.79617
-1.79641
-1.79666
-1.79691
-1.79717
-1.79744
-1.79771
-1.79799
-1.79828
-1.79857
-1.79886
-1.79917
-1.79947
-1.79979
-1.80011
-1.80043
-1.80076
-1.80109
-1.80143
-1.80178
-1.80213
-1.80248
-1.80285
-1.80321
-1.80359
-1.80397
-1.80436
-1.80476
-1.80516
-1.80557
-1.80598
-1.80641
-1.80684
-1.80728
-1.80773
-1.80819
-1.80866
-1.80913
-1.80962
-1.81011
-1.81061
-1.81112
-1.81163
-1.81216
-1.81269
-1.81323
-1.81378
-1.81434
-1.8149
-1.81547
-1.81605
-1.81663
-1.81722
-1.81782
-1.81842
-1.81902
-1.81963
-1.82024
-1.82086
-1.82148
-1.8221
-1.82272
-1.82335
-1.82397
-1.8246
-1.82522
-1.82584
-1.82647
-1.82708
-1.8277
-1.82832
-1.82893
-1.82954
-1.83015
-1.83075
-1.83135
-1.83195
-1.83255
-1.83315
-1.83374
-1.83434
-1.83493
-1.83553
-1.83612
-1.83672
-1.83732
-1.83792
-1.83852
-1.83913
-1.83973
-1.84035
-1.84096
-1.84158
-1.8422
-1.84282
-1.84345
-1.84408
-1.84471
-1.84535
-1.84599
-1.84663
-1.84728
-1.84793
-1.84858
-1.84923
-1.84989
-1.85056
-1.85122
-1.85189
-1.85257
-1.85325
-1.85394
-1.85463
-1.85533
-1.85604
-1.85675
-1.85747
-1.85819
-1.85892
-1.85965
-1.86039
-1.86113
-1.86187
-1.86261
-1.86336
-1.8641
-1.86484
-1.86558
-1.86631
-1.86704
-1.86777
-1.86849
-1.8692
-1.86991
-1.87061
-1.8713
-1.87199
-1.87267
-1.87334
-1.874
-1.87466
-1.87532
-1.87597
-1.87661
-1.87725
-1.87788
-1.87851
-1.87913
-1.87975
-1.88037
-1.88098
-1.88159
-1.8822
-1.88281
-1.88341
-1.88402
-1.88462
-1.88522
-1.88583
-1.88643
-1.88703
-1.88764
-1.88825
-1.88885
-1.88946
-1.89007
-1.89069
-1.8913
-1.89192
-1.89253
-1.89315
-1.89377
-1.89439
-1.89501
-1.89564
-1.89626
-1.89688
-1.89751
-1.89813
-1.89875
-1.89938
-1.9
-1.90063
-1.90125
-1.90188
-1.90251
-1.90314
-1.90377
-1.90441
-1.90505
-1.90569
-1.90634
-1.90698
-1.90764
-1.90829
-1.90895
-1.90962
-1.91029
-1.91096
-1.91164
-1.91232
-1.91301
-1.91369
-1.91438
-1.91507
-1.91577
-1.91646
-1.91715
-1.91785
-1.91854
-1.91924
-1.91993
-1.92062
-1.92131
-1.92199
-1.92268
-1.92336
-1.92403
-1.92471
-1.92537
-1.92603
-1.92669
-1.92734
-1.92799
-1.92863
-1.92926
-1.92989
-1.93051
-1.93113
-1.93174
-1.93234
-1.93294
-1.93353
-1.93411
-1.93469
-1.93527
-1.93584
-1.9364
-1.93696
-1.93752
-1.93807
-1.93863
-1.93918
-1.93972
-1.94027
-1.94082
-1.94136
-1.9419
-1.94245
-1.94299
-1.94353
-1.94407
-1.94461
-1.94515
-1.94569
-1.94623
-1.94677
-1.9473
-1.94783
-1.94836
-1.94889
-1.94942
-1.94994
-1.95046
-1.95098
-1.95149
-1.952
-1.9525
-1.953
-1.95349
-1.95398
-1.95445
-1.95493
-1.95539
-1.95585
-1.95631
-1.95675
-1.95719
-1.95762
-1.95805
-1.95847
-1.95888
-1.95929
-1.95969
-1.96009
-1.96048
-1.96086
-1.96124
-1.96162
-1.96199
-1.96236
-1.96272
-1.96308
-1.96343
-1.96378
-1.96413
-1.96448
-1.96482
-1.96516
-1.9655
-1.96583
-1.96616
-1.9665
-1.96683
-1.96716
-1.96749
-1.96783
-1.96816
-1.9685
-1.96884
-1.96918
-1.96953
-1.96987
-1.97023
-1.97058
-1.97094
-1.97131
-1.97167
-1.97205
-1.97243
-1.97281
-1.9732
-1.9736
-1.974
-1.97441
-1.97483
-1.97525
-1.97568
-1.97611
-1.97656
-1.97701
-1.97747
-1.97795
-1.97843
-1.97892
-1.97943
-1.97995
-1.98048
-1.98102
-1.98158
-1.98215
-1.98273
-1.98333
-1.98394
-1.98457
-1.98521
-1.98587
-1.98654
-1.98722
-1.98792
-1.98863
-1.98936
-1.9901
-1.99086
-1.99163
-1.99241
-1.99321
-1.99402
-1.99484
-1.99568
-1.99653
-1.9974
-1.99828
-1.99917
-2.00008
-2.001
-2.00193
-2.00287
-2.00383
-2.00481
-2.00579
-2.00679
-2.00781
-2.00884
-2.00988
-2.01093
-2.01199
-2.01307
-2.01416
-2.01526
-2.01638
-2.0175
-2.01864
-2.01979
-2.02095
-2.02213
-2.02332
-2.02452
-2.02574
-2.02696
-2.02821
-2.02946
-2.03073
-2.03201
-2.03331
-2.03462
-2.03594
-2.03728
-2.03863
-2.04
-2.04137
-2.04276
-2.04415
-2.04556
-2.04698
-2.0484
-2.04983
-2.05126
-2.0527
-2.05414
-2.05559
-2.05704
-2.05849
-2.05995
-2.0614
-2.06285
-2.06431
-2.06576
-2.06721
-2.06866
-2.07011
-2.07155
-2.07299
-2.07443
-2.07587
-2.07731
-2.07874
-2.08017
-2.0816
-2.08303
-2.08445
-2.08587
-2.08729
-2.0887
-2.09011
-2.09151
-2.09291
-2.09431
-2.0957
-2.09709
-2.09847
-2.09985
-2.10122
-2.10259
-2.10396
-2.10531
-2.10667
-2.10801
-2.10935
-2.11068
-2.11201
-2.11333
-2.11464
-2.11595
-2.11725
-2.11854
-2.11982
-2.12109
-2.12234
-2.12359
-2.12482
-2.12604
-2.12725
-2.12844
-2.12962
-2.13078
-2.13192
-2.13305
-2.13416
-2.13525
-2.13632
-2.13737
-2.1384
-2.13942
-2.14041
-2.14138
-2.14233
-2.14326
-2.14416
-2.14505
-2.14591
-2.14675
-2.14757
-2.14837
-2.14915
-2.1499
-2.15063
-2.15133
-2.15201
-2.15268
-2.15331
-2.15393
-2.15453
-2.1551
-2.15566
-2.1562
-2.15672
-2.15722
-2.1577
-2.15816
-2.15861
-2.15904
-2.15945
-2.15985
-2.16023
-2.1606
-2.16096
-2.1613
-2.16163
-2.16195
-2.16225
-2.16254
-2.16282
-2.16309
-2.16335
-2.16359
-2.16382
-2.16404
-2.16424
-2.16444
-2.16462
-2.16479
-2.16495
-2.1651
-2.16523
-2.16535
-2.16546
-2.16556
-2.16565
-2.16572
-2.16578
-2.16584
-2.16588
-2.16591
-2.16594
-2.16596
-2.16597
-2.16597
-2.16597
-2.16596
-2.16594
-2.16592
-2.1659
-2.16587
-2.16584
-2.16581
-2.16577
-2.16573
-2.16569
-2.16565
-2.1656
-2.16556
-2.16552
-2.16547
-2.16543
-2.16538
-2.16534
-2.1653
-2.16525
-2.16522
-2.16518
-2.16515
-2.16513
-2.16511
-2.1651
-2.1651
-2.16511
-2.16512
-2.16515
-2.16519
-2.16524
-2.16531
-2.16539
-2.16549
-2.16561
-2.16575
-2.1659
-2.16607
-2.16627
-2.16648
-2.16671
-2.16696
-2.16723
-2.16752
-2.16783
-2.16816
-2.1685
-2.16886
-2.16924
-2.16963
-2.17004
-2.17047
-2.17091
-2.17136
-2.17184
-2.17233
-2.17283
-2.17336
-2.1739
-2.17446
-2.17504
-2.17565
-2.17628
-2.17693
-2.17761
-2.17832
-2.17905
-2.17981
-2.1806
-2.18143
-2.18228
-2.18315
-2.18406
-2.185
-2.18597
-2.18696
-2.18798
-2.18902
-2.19009
-2.19119
-2.1923
-2.19344
-2.1946
-2.19578
-2.19698
-2.19819
-2.19943
-2.20068
-2.20196
-2.20325
-2.20455
-2.20588
-2.20722
-2.20857
-2.20994
-2.21133
-2.21273
-2.21413
-2.21555
-2.21698
-2.21842
-2.21985
-2.22129
-2.22273
-2.22416
-2.22559
-2.22701
-2.22842
-2.22982
-2.23122
-2.2326
-2.23398
-2.23534
-2.2367
-2.23804
-2.23938
-2.24072
-2.24206
-2.24339
-2.24473
-2.24607
-2.24742
-2.24877
-2.25014
-2.25152
-2.25291
-2.25431
-2.25574
-2.25717
-2.25863
-2.2601
-2.26158
-2.26308
-2.2646
-2.26612
-2.26767
-2.26922
-2.27079
-2.27238
-2.27398
-2.27559
-2.27722
-2.27886
-2.28051
-2.28218
-2.28387
-2.28556
-2.28727
-2.289
-2.29074
-2.29249
-2.29426
-2.29604
-2.29782
-2.29962
-2.30142
-2.30322
-2.30503
-2.30684
-2.30864
-2.31044
-2.31223
-2.31401
-2.31578
-2.31754
-2.31929
-2.32102
-2.32274
-2.32445
-2.32615
-2.32783
-2.32949
-2.33115
-2.33279
-2.33443
-2.33606
-2.33769
-2.33931
-2.34094
-2.34257
-2.34421
-2.34586
-2.34752
-2.34921
-2.35092
-2.35265
-2.35442
-2.35622
-2.35807
-2.35996
-2.3619
-2.36389
-2.36595
-2.36808
-2.37029
-2.37258
-2.37495
-2.37742
-2.37999
-2.38267
-2.38545
-2.38836
-2.39138
-2.39453
-2.39781
-2.40122
-2.40477
-2.40845
-2.41227
-2.41622
-2.42031
-2.42452
-2.42884
-2.43327
-2.43779
-2.44237
-2.44701
-2.45167
-2.45632
-2.46096
-2.46554
-2.47003
-2.47442
-2.47868
-2.48277
-2.48668
-2.49038
-2.49387
-2.49712
-2.50013
-2.5029
-2.50544
-2.50775
-2.50985
-2.51176
-2.51352
-2.51513
-2.51665
-2.51808
-2.51948
-2.52085
-2.52225
-2.52368
-2.52518
-2.52675
-2.52842
-2.53019
-2.53207
-2.53404
-2.53612
-2.53829
-2.54054
-2.54286
-2.54523
-2.54763
-2.55003
-2.55243
-2.55481
-2.55714
-2.55942
-2.56164
-2.5638
-2.5659
-2.56794
-2.56994
-2.57191
-2.57385
-2.5758
-2.57775
-2.57973
-2.58176
-2.58385
-2.58602
-2.58828
-2.59064
-2.5931
-2.59567
-2.59835
-2.60113
-2.604
-2.60696
-2.60999
-2.61308
-2.6162
-2.61935
-2.6225
-2.62564
-2.62876
-2.63185
-2.63491
-2.63794
-2.64093
-2.6439
-2.64686
-2.64982
-2.6528
-2.65581
-2.65888
-2.66202
-2.66527
-2.66865
-2.67216
-2.67584
-2.6797
-2.68376
-2.68802
-2.69249
-2.69716
-2.70204
-2.70712
-2.71238
-2.71781
-2.72341
-2.72915
-2.73501
-2.74099
-2.74706
-2.75321
-2.75943
-2.76571
-2.77204
-2.77841
-2.78483
-2.79131
-2.79783
-2.80443
-2.8111
-2.81786
-2.82472
-2.83169
-2.83879
-2.84604
-2.85343
-2.86098
-2.86869
-2.87657
-2.8846
-2.89279
-2.90111
-2.90956
-2.91811
-2.92676
-2.93548
-2.94425
-2.95304
-2.96185
-2.97065
-2.97942
-2.98814
-2.99681
-3.00542
-3.01394
-3.02239
-3.03077
-3.03907
-3.04731
-3.05549
-3.06363
-3.07173
-3.07982
-3.0879
-3.09599
-3.10409
-3.11221
-3.12035
-3.12852
-3.13671
-3.14492
-3.15314
-3.16135
-3.16955
-3.17772
-3.18584
-3.19389
-3.20187
-3.20975
-3.21751
-3.22514
-3.23263
-3.23997
-3.24715
-3.25415
-3.26099
-3.26767
-3.27419
-3.28056
-3.28679
-3.29291
-3.29892
-3.30483
-3.31067
-3.31644
-3.32216
-3.32784
-3.33347
-3.33908
-3.34466
-3.35021
-3.35574
-3.36123
-3.36668
-3.37207
-3.3774
-3.38266
-3.38783
-3.3929
-3.39785
-3.40269
-3.40739
-3.41196
-3.41638
-3.42066
-3.42481
-3.42882
-3.4327
-3.43647
-3.44014
-3.44373
-3.44724
-3.4507
-3.45411
-3.4575
-3.46088
-3.46425
-3.46763
-3.47103
-3.47445
-3.47789
-3.48136
-3.48485
-3.48836
-3.49189
-3.49541
-3.49894
-3.50245
-3.50594
-3.50941
-3.51286
-3.51629
-3.5197
-3.52312
-3.52656
-3.53005
-3.53363
-3.53733
-3.5412
-3.54527
-3.54959
-3.55421
-3.55914
-3.56443
-3.5701
-3.57615
-3.58258
-3.5894
-3.59659
-3.60411
-3.61193
-3.62
-3.62826
-3.63663
-3.64505
-3.65344
-3.66169
-3.66975
-3.67753
-3.68496
-3.69199
-3.69856
-3.70465
-3.71024
-3.71532
-3.71991
-3.72403
-3.72774
-3.73108
-3.73413
-3.73696
-3.73965
-3.74228
-3.74491
-3.74762
-3.75048
-3.75353
-3.75683
-3.76039
-3.76426
-3.76843
-3.7729
-3.77765
-3.78266
-3.78787
-3.79323
-3.79867
-3.80413
-3.80954
-3.81485
-3.81998
-3.82489
-3.82955
-3.83392
-3.83799
-3.84176
-3.84524
-3.84845
-3.85142
-3.85419
-3.85683
-3.85939
-3.86192
-3.86451
-3.8672
-3.87006
-3.87315
-3.8765
-3.88017
-3.88417
-3.88852
-3.89324
-3.89829
-3.90368
-3.90936
-3.91528
-3.92139
-3.92763
-3.93394
-3.94024
-3.94647
-3.95258
-3.95852
-3.96424
-3.96972
-3.97493
-3.97987
-3.98454
-3.98895
-3.99313
-3.99711
-4.00093
-4.00464
-4.0083
-4.01196
-4.01569
-4.01955
-4.02357
-4.02781
-4.0323
-4.03707
-4.04213
-4.04749
-4.05314
-4.05906
-4.06522
-4.07159
-4.07811
-4.08474
-4.09141
-4.09806
-4.10463
-4.11108
-4.11735
-4.1234
-4.12921
-4.13476
-4.14003
-4.14502
-4.14975
-4.15423
-4.15849
-4.16257
-4.16651
-4.17037
-4.1742
-4.17806
-4.182
-4.18608
-4.19034
-4.19482
-4.19955
-4.20454
-4.20981
-4.21535
-4.22114
-4.22718
-4.23342
-4.23982
-4.24634
-4.25292
-4.25951
-4.26605
-4.27249
-4.27879
-4.28489
-4.29078
-4.29642
-4.3018
-4.30691
-4.31176
-4.31635
-4.32071
-4.32487
-4.32886
-4.33274
-4.33655
-4.34035
-4.34419
-4.34814
-4.35223
-4.3565
-4.361
-4.36574
-4.37075
-4.37602
-4.38156
-4.38735
-4.39337
-4.39959
-4.40597
-4.41247
-4.41903
-4.4256
-4.43213
-4.43858
-4.44488
-4.45102
-4.45694
-4.46264
-4.46808
-4.47326
-4.47818
-4.48284
-4.48727
-4.49148
-4.4955
-4.49939
-4.50318
-4.50692
-4.51066
-4.51444
-4.5183
-4.52229
-4.52641
-4.53071
-4.53517
-4.53983
-4.54466
-4.54967
-4.55484
-4.56013
-4.56553
-4.57098
-4.57645
-4.5819
-4.58728
-4.59254
-4.59765
-4.60258
-4.6073
-4.6118
-4.61605
-4.62006
-4.62383
-4.62736
-4.63068
-4.63382
-4.63681
-4.63969
-4.64251
-4.64532
-4.64817
-4.6511
-4.65415
-4.65737
-4.66077
-4.6644
-4.66826
-4.67236
-4.67671
-4.6813
-4.68612
-4.69114
-4.69634
-4.70168
-4.70712
-4.71261
-4.71811
-4.72358
-4.72898
-4.73428
-4.73944
-4.74444
-4.74927
-4.75392
-4.75838
-4.76265
-4.76675
-4.77071
-4.77455
-4.7783
-4.782
-4.78571
-4.78945
-4.79326
-4.79719
-4.80126
-4.8055
-4.80993
-4.81458
-4.81944
-4.82453
-4.82985
-4.83537
-4.84109
-4.84697
-4.85297
-4.85906
-4.8652
-4.87135
-4.87746
-4.88351
-4.88947
-4.89529
-4.90096
-4.90646
-4.91177
-4.91688
-4.92181
-4.92656
-4.93116
-4.93563
-4.94001
-4.94434
-4.94865
-4.953
-4.95743
-4.96196
-4.96665
-4.97153
-4.97663
-4.98197
-4.98756
-4.99344
-4.99958
-5.00599
-5.01265
-5.01954
-5.02663
-5.03388
-5.04127
-5.04875
-5.0563
-5.06386
-5.07141
-5.07892
-5.08635
-5.09368
-5.10088
-5.10794
-5.11485
-5.12161
-5.12824
-5.13474
-5.14114
-5.14748
-5.15377
-5.16006
-5.16637
-5.17274
-5.1792
-5.18579
-5.19253
-5.19944
-5.20654
-5.21384
-5.22134
-5.22904
-5.23692
-5.24497
-5.25317
-5.26148
-5.2699
-5.27837
-5.28687
-5.29536
-5.3038
-5.31216
-5.32038
-5.32845
-5.33632
-5.34398
-5.35141
-5.35861
-5.36557
-5.3723
-5.37882
-5.38515
-5.3913
-5.3973
-5.40319
-5.40898
-5.41472
-5.42042
-5.42613
-5.43186
-5.43763
-5.44346
-5.44935
-5.45531
-5.46134
-5.46743
-5.47358
-5.47976
-5.48597
-5.49218
-5.49837
-5.50449
-5.51052
-5.51642
-5.52216
-5.5277
-5.53303
-5.53812
-5.54297
-5.54757
-5.55191
-5.55601
-5.55987
-5.5635
-5.56692
-5.57016
-5.57324
-5.57619
-5.57906
-5.58186
-5.58464
-5.58743
-5.59024
-5.59311
-5.59604
-5.59906
-5.60218
-5.60539
-5.60871
-5.61213
-5.61563
-5.6192
-5.62283
-5.62647
-5.6301
-5.6337
-5.63723
-5.64066
-5.64398
-5.64717
-5.6502
-5.65308
-5.65578
-5.65832
-5.66068
-5.66287
-5.66492
-5.66683
-5.66864
-5.67038
-5.67206
-5.67372
-5.67538
-5.67708
-5.67884
-5.68068
-5.68264
-5.68474
-5.68699
-5.68941
-5.692
-5.69476
-5.69769
-5.70077
-5.70397
-5.70728
-5.71066
-5.71409
-5.71754
-5.72097
-5.72436
-5.72768
-5.73091
-5.73401
-5.73698
-5.7398
-5.74246
-5.74496
-5.74731
-5.74952
-5.75159
-5.75355
-5.75541
-5.75719
-5.75891
-5.7606
-5.76228
-5.76399
-5.76576
-5.76762
-5.76958
-5.77166
-5.77388
-5.77625
-5.77875
-5.78139
-5.78415
-5.78703
-5.79001
-5.79306
-5.79617
-5.7993
-5.80244
-5.80555
-5.80861
-5.8116
-5.8145
-5.8173
-5.81999
-5.82257
-5.82503
-5.82738
-5.82963
-5.8318
-5.83388
-5.83592
-5.83794
-5.83998
-5.84208
-5.84428
-5.84662
-5.84914
-5.8519
-5.85492
-5.85824
-5.86191
-5.86595
-5.8704
-5.87527
-5.8806
-5.8864
-5.89267
-5.89942
-5.90664
-5.91433
-5.92247
-5.93105
-5.94006
-5.94947
-5.95925
-5.96936
-5.97977
-5.99042
-6.00128
-6.01229
-6.0234
-6.03454
-6.04568
-6.05674
-6.06767
-6.07841
-6.0889
-6.09907
-6.10887
-6.11824
-6.12714
-6.13553
-6.14337
-6.15065
-6.15734
-6.16345
-6.16897
-6.17391
-6.17829
-6.18215
-6.1855
-6.18841
-6.19092
-6.19309
-6.19498
-6.19664
-6.19814
-6.19955
-6.20092
-6.20231
-6.20378
-6.20538
-6.20715
-6.20913
-6.21133
-6.21377
-6.21646
-6.21938
-6.22252
-6.22587
-6.22939
-6.23305
-6.23682
-6.24066
-6.24453
-6.24838
-6.25219
-6.2559
-6.2595
-6.26295
-6.26624
-6.26934
-6.27227
-6.27501
-6.27758
-6.27998
-6.28224
-6.28436
-6.28639
-6.28835
-6.29026
-6.29217
-6.29411
-6.29609
-6.29815
-6.30031
-6.30257
-6.30495
-6.30746
-6.31007
-6.3128
-6.31562
-6.31851
-6.32144
-6.32438
-6.3273
-6.33014
-6.33289
-6.33548
-6.3379
-6.3401
-6.34206
-6.34375
-6.34515
-6.34625
-6.34704
-6.34752
-6.3477
-6.3476
-6.34724
-6.34666
-6.34589
-6.34497
-6.34393
-6.34281
-6.34165
-6.3405
-6.33937
-6.33831
-6.33735
-6.3365
-6.33579
-6.33522
-6.33479
-6.33451
-6.33435
-6.3343
-6.33433
-6.33442
-6.33453
-6.33464
-6.3347
-6.33467
-6.33453
-6.33423
-6.33374
-6.33305
-6.33214
-6.33099
-6.32961
-6.32799
-6.32614
-6.32408
-6.32183
-6.3194
-6.31683
-6.31416
-6.31142
-6.30864
-6.30588
-6.30317
-6.30054
-6.29802
-6.29563
-6.2934
-6.29134
-6.28946
-6.28776
-6.28623
-6.28487
-6.28365
-6.28256
-6.28155
-6.28061
-6.2797
-6.27877
-6.27781
-6.27677
-6.27563
-6.27435
-6.2729
-6.27128
-6.26946
-6.26744
-6.26523
-6.26282
-6.26024
-6.25752
-6.25468
-6.25175
-6.24877
-6.24578
-6.2428
-6.23989
-6.23706
-6.23437
-6.23184
-6.2295
-6.22737
-6.22547
-6.2238
-6.22238
-6.2212
-6.22025
-6.21952
-6.21898
-6.21862
-6.2184
-6.21828
-6.21824
-6.21824
-6.21824
-6.2182
-6.2181
-6.21791
-6.21763
-6.21723
-6.21672
-6.21608
-6.21533
-6.21447
-6.21352
-6.21251
-6.21144
-6.21036
-6.2093
-6.20828
-6.20735
-6.20652
-6.20584
-6.20533
-6.20501
-6.2049
-6.20503
-6.20539
-6.20601
-6.20687
-6.20796
-6.20926
-6.21076
-6.21243
-6.21423
-6.21612
-6.21808
-6.22008
-6.22206
-6.22402
-6.22591
-6.22771
-6.22939
-6.23096
-6.23238
-6.23367
-6.23481
-6.23583
-6.23673
-6.23753
-6.23824
-6.23889
-6.23951
-6.24013
-6.24077
-6.24147
-6.24227
-6.24319
-6.24425
-6.24547
-6.24686
-6.24843
-6.25017
-6.25208
-6.25415
-6.25635
-6.25867
-6.26107
-6.26354
-6.26603
-6.26852
-6.27096
-6.27332
-6.27558
-6.2777
-6.27966
-6.28144
-6.28303
-6.28439
-6.28555
-6.28648
-6.28719
-6.28771
-6.28805
-6.28822
-6.28828
-6.28823
-6.28812
-6.28797
-6.28782
-6.28769
-6.28761
-6.28759
-6.28766
-6.28783
-6.28812
-6.28851
-6.28902
-6.28962
-6.29032
-6.29109
-6.29191
-6.29275
-6.29359
-6.29441
-6.29516
-6.29583
-6.29637
-6.29677
-6.297
-6.29704
-6.29687
-6.29649
-6.2959
-6.29511
-6.29412
-6.29296
-6.29165
-6.29021
-6.28867
-6.28707
-6.28543
-6.28379
-6.28218
-6.28063
-6.27918
-6.27784
-6.27664
-6.27558
-6.27469
-6.27396
-6.27341
-6.27303
-6.27281
-6.27274
-6.27281
-6.27299
-6.27325
-6.27356
-6.2739
-6.27423
-6.27453
-6.27477
-6.27493
-6.275
-6.27496
-6.2748
-6.27452
-6.27413
-6.27363
-6.27302
-6.27234
-6.2716
-6.27083
-6.27004
-6.26926
-6.26851
-6.26781
-6.26719
-6.26666
-6.26626
-6.26598
-6.26586
-6.26589
-6.26607
-6.26641
-6.2669
-6.26752
-6.26826
-6.26909
-6.27
-6.27097
-6.27197
-6.27299
-6.27401
-6.275
-6.27597
-6.2769
-6.27778
-6.27861
-6.2794
-6.28016
-6.28089
-6.2816
-6.28231
-6.28304
-6.28379
-6.28459
-6.28545
-6.28639
-6.28742
-6.28854
-6.28977
-6.29109
-6.29248
-6.29392
-6.29537
-6.2968
-6.29816
-6.29941
-6.3005
-6.3014
-6.30206
-6.30244
-6.30253
-6.30229
-6.30172
-6.30081
-6.29957
-6.298
-6.29612
-6.29396
-6.29155
-6.2889
-6.28608
-6.28311
-6.28005
-6.27694
-6.27386
-6.27086
-6.26799
-6.2653
-6.26285
-6.26068
-6.2588
-6.25725
-6.25602
-6.25513
-6.25455
-6.25427
-6.25426
-6.25448
-6.2549
-6.25548
-6.25616
-6.25691
-6.25768
-6.25843
-6.25914
-6.25976
-6.26028
-6.26066
-6.26089
-6.26096
-6.26086
-6.26061
-6.26023
-6.25975
-6.25922
-6.25869
-6.25823
-6.25789
-6.25775
-6.25786
-6.25828
-6.25904
-6.26018
-6.26172
-6.26365
-6.26596
-6.26863
-6.2716
-6.27483
-6.27825
-6.28179
-6.28538
-6.28894
-6.29241
-6.2957
-6.29876
-6.30151
-6.30388
-6.30584
-6.30732
-6.30829
-6.30873
-6.30863
-6.30799
-6.30684
-6.30523
-6.30319
-6.30081
-6.29815
-6.2953
-6.29236
-6.2894
-6.28652
-6.2838
-6.28129
-6.27907
-6.27716
-6.2756
-6.2744
-6.27355
-6.27306
-6.2729
-6.27303
-6.27342
-6.27401
-6.27477
-6.2756
-6.27646
-6.27726
-6.27794
-6.27841
-6.27862
-6.2785
-6.27802
-6.27713
-6.27581
-6.27405
-6.27187
-6.26928
-6.26634
-6.26309
-6.2596
-6.25595
-6.2522
-6.24845
-6.24476
-6.2412
-6.23783
-6.23471
-6.23188
-6.22938
-6.22723
-6.22546
-6.22406
-6.22303
-6.22236
-6.22201
-6.22194
-6.22211
-6.22245
-6.22289
-6.22337
-6.2238
-6.22412
-6.22425
-6.22412
-6.22368
-6.2229
-6.22173
-6.22018
-6.21825
-6.21596
-6.21336
-6.21049
-6.20741
-6.2042
-6.20094
-6.1977
-6.19458
-6.19166
-6.18904
-6.1868
-6.18503
-6.1838
-6.18319
-6.18325
-6.18404
-6.18559
-6.18793
-6.19106
-6.19498
-6.19966
-6.20507
-6.21115
-6.21784
-6.22505
-6.2327
-6.24071
-6.24898
-6.25743
-6.26598
-6.27454
-6.28307
-6.29149
-6.29978
-6.30789
-6.31579
-6.32348
-6.33096
-6.33824
-6.34533
-6.35227
-6.35911
-6.36588
-6.37264
-6.37944
-6.38634
-6.39339
-6.40064
-6.40814
-6.41591
-6.42398
-6.43236
-6.44104
-6.45
-6.45919
-6.46857
-6.47806
-6.48759
-6.49707
-6.5064
-6.51549
-6.52425
-6.53257
-6.54036
-6.54754
-6.55404
-6.5598
-6.56477
-6.56894
-6.57229
-6.57485
-6.57664
-6.57773
-6.57817
-6.57806
-6.57749
-6.57657
-6.57543
-6.57419
-6.57297
-6.57188
-6.57104
-6.57055
-6.57047
-6.57089
-6.57184
-6.57335
-6.57543
-6.57805
-6.5812
-6.5848
-6.5888
-6.5931
-6.59761
-6.60223
-6.60685
-6.61135
-6.61563
-6.61958
-6.62311
-6.62613
-6.62859
-6.63042
-6.6316
-6.63212
-6.63197
-6.6312
-6.62984
-6.62796
-6.62563
-6.62295
-6.62001
-6.6169
-6.61372
-6.61056
-6.60751
-6.60464
-6.60201
-6.59967
-6.59766
-6.59599
-6.59467
-6.59366
-6.59294
-6.59246
-6.59214
-6.59192
-6.59169
-6.59138
-6.59088
-6.5901
-6.58894
-6.58732
-6.58516
-6.5824
-6.579
-6.57492
-6.57017
-6.56476
-6.55873
-6.55213
-6.54504
-6.53754
-6.52973
-6.52173
-6.51364
-6.50558
-6.49768
-6.49006
-6.48282
-6.47607
-6.46991
-6.46442
-6.45966
-6.45569
-6.45253
-6.45019
-6.44867
-6.44793
-6.44794
-6.44863
-6.44992
-6.45171
-6.45389
-6.45636
-6.459
-6.46167
-6.46428
-6.46669
-6.46882
-6.47057
-6.47184
-6.47259
-6.47273
-6.47225
-6.4711
-6.46929
-6.46681
-6.46369
-6.45995
-6.45565
-6.45083
-6.44556
-6.43991
-6.43395
-6.42777
-6.42143
-6.41503
-6.40863
-6.4023
-6.39611
-6.39011
-6.38434
-6.37884
-6.37361
-6.36865
-6.36397
-6.35953
-6.35531
-6.35128
-6.34739
-6.34362
-6.3399
-6.33621
-6.3325
-6.32873
-6.32489
-6.32094
-6.31688
-6.31268
-6.30836
-6.30391
-6.29934
-6.29469
-6.28997
-6.28521
-6.28046
-6.27574
-6.2711
-6.26659
-6.26224
-6.2581
-6.25419
-6.25053
-6.24715
-6.24403
-6.24118
-6.23858
-6.2362
-6.234
-6.23194
-6.22998
-6.22805
-6.22611
-6.22409
-6.22194
-6.21962
-6.21706
-6.21424
-6.2111
-6.20764
-6.20381
-6.19962
-6.19506
-6.19014
-6.18486
-6.17925
-6.17335
-6.16719
-6.16082
-6.15429
-6.14766
-6.14098
-6.13431
-6.12769
-6.12117
-6.11478
-6.10855
-6.1025
-6.09663
-6.09095
-6.08544
-6.08009
-6.07488
-6.06977
-6.06473
-6.05971
-6.05469
-6.04962
-6.04446
-6.03918
-6.03375
-6.02814
-6.02233
-6.0163
-6.01006
-6.00359
-5.99693
-5.99007
-5.98307
-5.97595
-5.96877
-5.96157
-5.95442
-5.94737
-5.94047
-5.93379
-5.92737
-5.92125
-5.91546
-5.91005
-5.90501
-5.90038
-5.89613
-5.89227
-5.88877
-5.88562
-5.88277
-5.88019
-5.87784
-5.87566
-5.87361
-5.87164
-5.8697
-5.86774
-5.86571
-5.86357
-5.86127
-5.85879
-5.85612
-5.85323
-5.85012
-5.84679
-5.84326
-5.83955
-5.83566
-5.83163
-5.82748
-5.82322
-5.81888
-5.81448
-5.81004
-5.80556
-5.80106
-5.79654
-5.79199
-5.78742
-5.78281
-5.77815
-5.77342
-5.76862
-5.76371
-5.75868
-5.7535
-5.74815
-5.74261
-5.73687
-5.7309
-5.72469
-5.71825
-5.71158
-5.70467
-5.69755
-5.69024
-5.68276
-5.67514
-5.66741
-5.6596
-5.65175
-5.64388
-5.63603
-5.62822
-5.62048
-5.61282
-5.60527
-5.59784
-5.59053
-5.58334
-5.57627
-5.5693
-5.56242
-5.5556
-5.54881
-5.54204
-5.53525
-5.52841
-5.52149
-5.51446
-5.50731
-5.5
-5.49253
-5.48488
-5.47705
-5.46904
-5.46087
-5.45254
-5.44408
-5.4355
-5.42684
-5.41811
-5.40935
-5.40059
-5.39185
-5.38316
-5.37455
-5.36604
-5.35766
-5.34942
-5.34134
-5.33343
-5.32568
-5.31809
-5.31066
-5.30336
-5.29618
-5.2891
-5.28209
-5.27512
-5.26817
-5.26122
-5.25424
-5.24721
-5.24013
-5.23297
-5.22575
-5.21846
-5.2111
-5.20369
-5.19624
-5.18877
-5.18129
-5.17382
-5.16639
-5.15903
-5.15174
-5.14457
-5.13753
-5.13064
-5.12393
-5.1174
-5.11107
-5.10494
-5.09901
-5.09326
-5.08768
-5.08225
-5.07695
-5.07175
-5.06663
-5.06156
-5.05651
-5.05146
-5.04639
-5.04126
-5.03608
-5.03081
-5.02545
-5.01999
-5.01444
-5.00879
-5.00305
-4.99724
-4.99137
-4.98545
-4.97953
-4.97363
-4.96776
-4.96197
-4.95628
-4.95071
-4.94529
-4.94001
-4.9349
-4.92995
-4.92515
-4.92051
-4.916
-4.91162
-4.90734
-4.90314
-4.899
-4.8949
-4.89082
-4.88673
-4.88261
-4.87844
-4.8742
-4.86987
-4.86545
-4.86093
-4.8563
-4.85157
-4.84676
-4.84187
-4.83692
-4.83192
-4.82692
-4.82192
-4.81695
-4.81205
-4.80722
-4.8025
-4.79789
-4.79341
-4.78907
-4.78486
-4.7808
-4.77688
-4.77309
-4.76943
-4.76587
-4.76241
-4.75904
-4.75572
-4.75244
-4.74919
-4.74593
-4.74264
-4.73932
-4.73595
-4.73251
-4.729
-4.72543
-4.7218
-4.7181
-4.71437
-4.7106
-4.70682
-4.70303
-4.69926
-4.69552
-4.69181
-4.68816
-4.68455
-4.681
-4.67751
-4.67406
-4.67065
-4.66727
-4.66389
-4.66052
-4.65712
-4.65366
-4.65014
-4.64653
-4.64279
-4.63891
-4.63487
-4.63066
-4.62626
-4.62167
-4.61689
-4.61193
-4.6068
-4.60151
-4.59609
-4.59056
-4.58494
-4.57927
-4.57357
-4.56786
-4.56218
-4.55655
-4.55099
-4.54552
-4.54016
-4.5349
-4.52975
-4.52472
-4.51979
-4.51496
-4.51022
-4.50554
-4.5009
-4.49629
-4.49167
-4.48703
-4.48233
-4.47756
-4.4727
-4.46773
-4.46265
-4.45745
-4.45214
-4.44671
-4.44119
-4.43558
-4.42991
-4.42419
-4.41845
-4.41271
-4.407
-4.40134
-4.39576
-4.39028
-4.38491
-4.37967
-4.37458
-4.36965
-4.36486
-4.36022
-4.35572
-4.35136
-4.3471
-4.34294
-4.33885
-4.3348
-4.33078
-4.32675
-4.3227
-4.3186
-4.31445
-4.31022
-4.30593
-4.30156
-4.29711
-4.29259
-4.28802
-4.28339
-4.27874
-4.27407
-4.26942
-4.26479
-4.26023
-4.25575
-4.25137
-4.24712
-4.24302
-4.23907
-4.23528
-4.23164
-4.22817
-4.22484
-4.22164
-4.21855
-4.21557
-4.21266
-4.20981
-4.20699
-4.20418
-4.20135
-4.19849
-4.19557
-4.19259
-4.18953
-4.18638
-4.18315
-4.17982
-4.17642
-4.17294
-4.1694
-4.16583
-4.16225
-4.15867
-4.15513
-4.15166
-4.14826
-4.14498
-4.14182
-4.13879
-4.1359
-4.13314
-4.13053
-4.12804
-4.12567
-4.1234
-4.12122
-4.11912
-4.11706
-4.11503
-4.11301
-4.11097
-4.10889
-4.10675
-4.10454
-4.10223
-4.09983
-4.09732
-4.0947
-4.09199
-4.08918
-4.0863
-4.08336
-4.08039
-4.07739
-4.07441
-4.07146
-4.06855
-4.06571
-4.06295
-4.06029
-4.05772
-4.05525
-4.05287
-4.05059
-4.04839
-4.04627
-4.04421
-4.0422
-4.04022
-4.03825
-4.03626
-4.03424
-4.03216
-4.03
-4.02774
-4.02537
-4.02288
-4.02028
-4.01755
-4.01471
-4.01178
-4.00876
-4.00567
-4.00253
-3.99936
-3.99618
-3.99301
-3.98985
-3.98674
-3.98367
-3.98068
-3.97775
-3.97489
-3.97212
-3.96942
-3.9668
-3.96424
-3.96173
-3.95926
-3.9568
-3.95434
-3.95184
-3.9493
-3.94668
-3.94396
-3.94115
-3.93822
-3.93518
-3.93203
-3.92878
-3.92543
-3.922
-3.91851
-3.91497
-3.91139
-3.9078
-3.90421
-3.90065
-3.89712
-3.89366
-3.89027
-3.88697
-3.88378
-3.8807
-3.87773
-3.87487
-3.87212
-3.86946
-3.86687
-3.86435
-3.86186
-3.85938
-3.8569
-3.85439
-3.85183
-3.84921
-3.84653
-3.84376
-3.84092
-3.83799
-3.835
-3.83193
-3.8288
-3.82562
-3.8224
-3.81916
-3.8159
-3.81266
-3.80944
-3.80627
-3.80317
-3.80014
-3.79721
-3.79439
-3.79167
-3.78905
-3.78653
-3.7841
-3.78173
-3.77942
-3.77714
-3.77488
-3.77261
-3.77031
-3.76798
-3.76559
-3.76314
-3.76062
-3.75802
-3.75534
-3.75258
-3.74974
-3.74682
-3.74384
-3.7408
-3.73773
-3.73463
-3.73153
-3.72844
-3.7254
-3.7224
-3.71948
-3.71665
-3.71391
-3.71126
-3.70872
-3.70626
-3.70388
-3.70158
-3.69933
-3.69712
-3.69494
-3.69276
-3.69058
-3.68836
-3.68611
-3.68379
-3.68141
-3.67894
-3.67639
-3.67374
-3.671
-3.66817
-3.66525
-3.66226
-3.65921
-3.6561
-3.65297
-3.64983
-3.64669
-3.64357
-3.6405
-3.63748
-3.63451
-3.63161
-3.62877
-3.62599
-3.62327
-3.62059
-3.61795
-3.61534
-3.61274
-3.61015
-3.60755
-3.60492
-3.60225
-3.59954
-3.59676
-3.59391
-3.59099
-3.58799
-3.58491
-3.58176
-3.57855
-3.57529
-3.572
-3.56869
-3.56538
-3.56209
-3.55884
-3.55563
-3.55249
-3.54941
-3.54642
-3.54351
-3.54069
-3.53794
-3.53528
-3.53269
-3.53016
-3.52768
-3.52525
-3.52285
-3.52046
-3.51808
-3.51568
-3.51326
-3.51079
-3.50827
-3.50568
-3.50303
-3.50031
-3.49753
-3.49469
-3.49181
-3.4889
-3.48598
-3.48306
-3.48016
-3.47729
-3.47447
-3.4717
-3.46901
-3.46639
-3.46386
-3.46141
-3.45906
-3.4568
-3.45462
-3.45253
-3.45051
-3.44855
-3.44665
-3.44478
-3.44294
-3.44111
-3.43927
-3.43741
-3.43552
-3.43359
-3.43163
-3.42962
-3.42758
-3.4255
-3.42341
-3.42131
-3.41922
-3.41713
-3.41507
-3.41305
-3.41108
-3.40917
-3.40733
-3.40556
-3.40388
-3.40229
-3.40079
-3.39938
-3.39805
-3.39681
-3.39562
-3.39449
-3.3934
-3.39233
-3.39127
-3.39019
-3.38909
-3.38796
-3.38677
-3.38554
-3.38425
-3.3829
-3.38149
-3.38004
-3.37855
-3.37702
-3.37547
-3.3739
-3.37232
-3.37075
-3.36919
-3.36765
-3.36615
-3.36469
-3.36328
-3.36193
-3.36064
-3.35939
-3.3582
-3.35704
-3.35591
-3.35479
-3.35368
-3.35254
-3.35139
-3.35019
-3.34895
-3.34764
-3.34627
-3.34484
-3.34333
-3.34175
-3.3401
-3.33838
-3.33661
-3.33479
-3.33292
-3.33102
-3.3291
-3.32716
-3.32523
-3.3233
-3.3214
-3.31953
-3.3177
-3.31591
-3.31416
-3.31246
-3.31079
-3.30915
-3.30753
-3.30592
-3.30431
-3.30269
-3.30105
-3.29939
-3.29769
-3.29596
-3.29418
-3.29235
-3.29048
-3.28856
-3.28659
-3.28459
-3.28256
-3.28051
-3.27844
-3.27638
-3.27432
-3.27229
-3.2703
-3.26835
-3.26646
-3.26463
-3.26287
-3.26118
-3.25956
-3.25801
-3.25651
-3.25507
-3.25366
-3.25229
-3.25094
-3.24961
-3.24829
-3.24697
-3.24563
-3.24428
-3.24291
-3.2415
-3.24007
-3.2386
-3.2371
-3.23558
-3.23403
-3.23247
-3.23092
-3.22937
-3.22784
-3.22634
-3.22488
-3.22347
-3.2221
-3.2208
-3.21957
-3.21839
-3.21728
-3.21622
-3.21522
-3.21425
-3.21333
-3.21243
-3.21156
-3.21069
-3.20983
-3.20897
-3.2081
-3.20721
-3.2063
-3.20536
-3.20438
-3.20338
-3.20236
-3.20132
-3.20027
-3.19923
-3.1982
-3.19719
-3.19622
-3.19528
-3.1944
-3.19357
-3.1928
-3.19209
-3.19146
-3.19088
-3.19037
-3.18992
-3.18952
-3.18916
-3.18883
-3.18853
-3.18824
-3.18795
-3.18766
-3.18734
-3.187
-3.18661
-3.18618
-3.18569
-3.18515
-3.18455
-3.1839
-3.1832
-3.18247
-3.1817
-3.1809
-3.18009
-3.17926
-3.17842
-3.17758
-3.17674
-3.1759
-3.17507
-3.17425
-3.17344
-3.17263
-3.17183
-3.17102
-3.17021
-3.16938
-3.16852
-3.16763
-3.1667
-3.16572
-3.16468
-3.16357
-3.1624
-3.16115
-3.15982
-3.15842
-3.15695
-3.15542
-3.15383
-3.1522
-3.15054
-3.14884
-3.14713
-3.1454
-3.14367
-3.14193
-3.14021
-3.13851
-3.13683
-3.13518
-3.13356
-3.13196
-3.1304
-3.12886
-3.12734
-3.12583
-3.12433
-3.12283
-3.12133
-3.11981
-3.11827
-3.11672
-3.11513
-3.11352
-3.11189
-3.11023
-3.10856
-3.10687
-3.10518
-3.10348
-3.10179
-3.10011
-3.09845
-3.0968
-3.09519
-3.09361
-3.09208
-3.09059
-3.08915
-3.08776
-3.08643
-3.08514
-3.0839
-3.0827
-3.08152
-3.08037
-3.07924
-3.07812
-3.07701
-3.07589
-3.07478
-3.07365
-3.07252
-3.07139
-3.07024
-3.06909
-3.06793
-3.06678
-3.06563
-3.0645
-3.06338
-3.06227
-3.0612
-3.06015
-3.05914
-3.05818
-3.05727
-3.0564
-3.05559
-3.05483
-3.05412
-3.05345
-3.05281
-3.0522
-3.05161
-3.05104
-3.05048
-3.04992
-3.04937
-3.04881
-3.04824
-3.04766
-3.04707
-3.04645
-3.04583
-3.04518
-3.04453
-3.04386
-3.04318
-3.0425
-3.04182
-3.04115
-3.04049
-3.03984
-3.03922
-3.03863
-3.03807
-3.03753
-3.03702
-3.03653
-3.03607
-3.03561
-3.03516
-3.03471
-3.03426
-3.03381
-3.03334
-3.03286
-3.03236
-3.03184
-3.03129
-3.03072
-3.03012
-3.02948
-3.02882
-3.02812
-3.02741
-3.02667
-3.02592
-3.02515
-3.02439
-3.02362
-3.02287
-3.02212
-3.0214
-3.02069
-3.02
-3.01933
-3.01867
-3.01803
-3.0174
-3.01679
-3.01617
-3.01557
-3.01496
-3.01436
-3.01376
-3.01314
-3.01252
-3.01189
-3.01124
-3.01057
-3.00989
-3.00919
-3.00847
-3.00774
-3.00701
-3.00628
-3.00555
-3.00483
-3.00413
-3.00344
-3.00277
-3.00212
-3.0015
-3.0009
-3.00032
-2.99976
-2.99923
-2.99871
-2.9982
-2.99771
-2.99722
-2.99674
-2.99626
-2.99578
-2.99529
-2.99479
-2.99428
-2.99374
-2.99319
-2.99261
-2.99202
-2.9914
-2.99078
-2.99015
-2.98951
-2.98887
-2.98823
-2.9876
-2.98698
-2.98638
-2.98578
-2.9852
-2.98464
-2.9841
-2.98357
-2.98307
-2.98258
-2.98211
-2.98166
-2.98121
-2.98078
-2.98036
-2.97995
-2.97953
-2.97911
-2.97869
-2.97826
-2.97782
-2.97737
-2.97691
-2.97646
-2.976
-2.97555
-2.9751
-2.97466
-2.97423
-2.97381
-2.9734
-2.97301
-2.97263
-2.97227
-2.97192
-2.97159
-2.97128
-2.97099
-2.97071
-2.97045
-2.97019
-2.96994
-2.96968
-2.96943
-2.96917
-2.96889
-2.9686
-2.9683
-2.96797
-2.96762
-2.96725
-2.96687
-2.96647
-2.96605
-2.96562
-2.96518
-2.96474
-2.96428
-2.96383
-2.96336
-2.9629
-2.96244
-2.96199
-2.96155
-2.96111
-2.96069
-2.96029
-2.9599
-2.95951
-2.95914
-2.95878
-2.95842
-2.95807
-2.95771
-2.95736
-2.95701
-2.95665
-2.95629
-2.95593
-2.95557
-2.95521
-2.95486
-2.9545
-2.95415
-2.95381
-2.95347
-2.95314
-2.95281
-2.9525
-2.9522
-2.9519
-2.95163
-2.95137
-2.95113
-2.95091
-2.9507
-2.95051
-2.95033
-2.95016
-2.94999
-2.94982
-2.94966
-2.94949
-2.94931
-2.94913
-2.94895
-2.94876
-2.94856
-2.94835
-2.94813
-2.94791
-2.94768
-2.94744
-2.9472
-2.94695
-2.9467
-2.94645
-2.94619
-2.94595
-2.9457
-2.94547
-2.94525
-2.94504
-2.94484
-2.94466
-2.94448
-2.94431
-2.94415
-2.94399
-2.94384
-2.94369
-2.94354
-2.94339
-2.94325
-2.9431
-2.94296
-2.94282
-2.94267
-2.94253
-2.94238
-2.94223
-2.94208
-2.94192
-2.94177
-2.94162
-2.94147
-2.94132
-2.94119
-2.94106
-2.94094
-2.94083
-2.94072
-2.94063
-2.94055
-2.94046
-2.94038
-2.94031
-2.94023
-2.94015
-2.94007
-2.94
-2.93992
-2.93984
-2.93976
-2.93968
-2.93959
-2.9395
-2.9394
-2.93929
-2.93918
-2.93907
-2.93895
-2.93882
-2.9387
-2.93858
-2.93847
-2.93836
-2.93825
-2.93815
-2.93806
-2.93798
-2.9379
-2.93783
-2.93777
-2.93771
-2.93765
-2.9376
-2.93755
-2.93751
-2.93748
-2.93744
-2.93742
-2.93739
-2.93736
-2.93734
-2.9373
-2.93727
-2.93722
-2.93718
-2.93713
-2.93708
-2.93703
-2.93697
-2.93692
-2.93687
-2.93681
-2.93676
-2.93671
-2.93666
-2.9366
-2.93655
-2.93649
-2.93643
-2.93637
-2.93631
-2.93625
-2.93618
-2.93612
-2.93606
-2.936
-2.93593
-2.93587
-2.93579
-2.93572
-2.93564
-2.93555
-2.93547
-2.93538
-2.93529
-2.9352
-2.93512
-2.93504
-2.93497
-2.9349
-2.93484
-2.93478
-2.93473
-2.93468
-2.93465
-2.93461
-2.93459
-2.93457
-2.93456
-2.93457
-2.93458
-2.9346
-2.93463
-2.93467
-2.93472
-2.93477
-2.93483
-2.93489
-2.93495
-2.93501
-2.93507
-2.93514
-2.9352
-2.93527
-2.93535
-2.93542
-2.93549
-2.93557
-2.93564
-2.9357
-2.93577
-2.93582
-2.93587
-2.93592
-2.93596
-2.93599
-2.93602
-2.93605
-2.93607
-2.93608
-2.93609
-2.93609
-2.93609
-2.93608
-2.93606
-2.93603
-2.936
-2.93595
-2.9359
-2.93585
-2.93579
-2.93573
-2.93567
-2.93562
-2.93556
-2.9355
-2.93545
-2.93539
-2.93534
-2.93528
-2.93523
-2.93518
-2.93514
-2.9351
-2.93507
-2.93505
-2.93503
-2.93502
-2.93501
-2.935
-2.93499
-2.93499
-2.93498
-2.93497
-2.93496
-2.93495
-2.93493
-2.93491
-2.93489
-2.93486
-2.93483
-2.9348
-2.93476
-2.93472
-2.93466
-2.9346
-2.93453
-2.93446
-2.93437
-2.93428
-2.93419
-2.93409
-2.93399
-2.93389
-2.93379
-2.93369
-2.93358
-2.93347
-2.93336
-2.93324
-2.93312
-2.93301
-2.93289
-2.93277
-2.93266
-2.93255
-2.93244
-2.93233
-2.93224
-2.93214
-2.93206
-2.93197
-2.93189
-2.93182
-2.93174
-2.93167
-2.93161
-2.93155
-2.9315
-2.93146
-2.93143
-2.9314
-2.93138
-2.93137
-2.93137
-2.93136
-2.93136
-2.93137
-2.93137
-2.93138
-2.93139
-2.93141
-2.93143
-2.93146
-2.93148
-2.93151
-2.93155
-2.93158
-2.93161
-2.93164
-2.93168
-2.93171
-2.93173
-2.93176
-2.93179
-2.93181
-2.93184
-2.93187
-2.9319
-2.93193
-2.93196
-2.932
-2.93203
-2.93206
-2.93208
-2.93211
-2.93213
-2.93215
-2.93217
-2.9322
-2.93222
-2.93225
-2.93228
-2.93231
-2.93234
-2.93237
-2.9324
-2.93243
-2.93245
-2.93248
-2.93251
-2.93253
-2.93256
-2.93259
-2.93262
-2.93265
-2.93268
-2.93272
-2.93275
-2.93278
-2.93282
-2.93285
-2.93287
-2.93289
-2.93291
-2.93293
-2.93295
-2.93297
-2.93299
-2.93301
-2.93303
-2.93305
-2.93307
-2.93308
-2.93309
-2.93309
-2.9331
-2.9331
-2.9331
-2.9331
-2.9331
-2.93311
-2.93311
-2.93312
-2.93313
-2.93314
-2.93316
-2.93317
-2.93319
-2.93321
-2.93323
-2.93325
-2.93328
-2.9333
-2.93333
-2.93337
-2.93341
-2.93345
-2.93349
-2.93354
-2.93359
-2.93364
-2.93369
-2.93373
-2.93378
-2.93382
-2.93387
-2.93392
-2.93397
-2.93403
-2.93409
-2.93415
-2.93421
-2.93428
-2.93434
-2.93441
-2.93447
-2.93454
-2.93461
-2.93468
-2.93475
-2.93482
-2.93489
-2.93497
-2.93505
-2.93513
-2.93521
-2.9353
-2.93538
-2.93546
-2.93555
-2.93563
-2.93571
-2.9358
-2.93588
-2.93597
-2.93607
-2.93617
-2.93628
-2.93638
-2.9365
-2.93661
-2.93673
-2.93685
-2.93698
-2.93711
-2.93724
-2.93738
-2.93753
-2.93768
-2.93784
-2.93801
-2.93818
-2.93837
-2.93855
-2.93875
-2.93895
-2.93915
-2.93936
-2.93958
-2.93981
-2.94004
-2.94028
-2.94054
-2.9408
-2.94108
-2.94136
-2.94166
-2.94196
-2.94227
-2.94259
-2.94292
-2.94325
-2.9436
-2.94395
-2.94432
-2.9447
-2.94508
-2.94548
-2.94589
-2.94631
-2.94673
-2.94716
-2.9476
-2.94804
-2.94849
-2.94894
-2.9494
-2.94986
-2.95033
-2.95081
-2.9513
-2.95179
-2.9523
-2.9528
-2.95332
-2.95383
-2.95435
-2.95486
-2.95538
-2.9559
-2.95642
-2.95694
-2.95746
-2.95799
-2.95852
-2.95904
-2.95957
-2.9601
-2.96063
-2.96115
-2.96168
-2.9622
-2.96273
-2.96327
-2.9638
-2.96435
-2.9649
-2.96547
-2.96604
-2.96662
-2.9672
-2.96779
-2.96839
-2.96899
-2.96959
-2.9702
-2.97081
-2.97142
-2.97204
-2.97266
-2.9733
-2.97394
-2.9746
-2.97526
-2.97594
-2.97663
-2.97733
-2.97804
-2.97877
-2.9795
-2.98026
-2.98104
-2.98184
-2.98266
-2.98351
-2.98438
-2.98528
-2.9862
-2.98714
-2.9881
-2.98907
-2.99007
-2.99107
-2.99209
-2.99312
-2.99416
-2.9952
-2.99625
-2.9973
-2.99835
-2.9994
-3.00044
-3.00147
-3.00249
-3.00349
-3.00447
-3.00544
-3.00638
-3.00731
-3.00822
-3.00911
-3.00999
-3.01086
-3.01172
-3.01257
-3.01342
-3.01425
-3.01507
-3.01589
-3.0167
-3.0175
-3.0183
-3.0191
-3.01989
-3.02069
-3.02148
-3.02227
-3.02307
-3.02386
-3.02464
-3.02542
-3.02619
-3.02695
-3.0277
-3.02843
-3.02915
-3.02985
-3.03054
-3.03121
-3.03187
-3.03252
-3.03316
-3.03379
-3.0344
-3.03501
-3.03559
-3.03617
-3.03673
-3.03728
-3.03782
-3.03835
-3.03887
-3.03938
-3.03989
-3.0404
-3.0409
-3.0414
-3.04189
-3.04237
-3.04284
-3.0433
-3.04375
-3.04418
-3.0446
-3.04501
-3.0454
-3.04579
-3.04617
-3.04654
-3.04691
-3.04727
-3.04763
-3.04798
-3.04832
-3.04866
-3.04899
-3.04931
-3.04964
-3.04996
-3.05029
-3.05062
-3.05096
-3.05131
-3.05167
-3.05203
-3.05241
-3.05278
-3.05316
-3.05354
-3.05391
-3.05429
-3.05466
-3.05503
-3.0554
-3.05577
-3.05615
-3.05653
-3.05691
-3.0573
-3.05769
-3.05809
-3.05849
-3.0589
-3.05932
-3.05975
-3.0602
-3.06066
-3.06115
-3.06166
-3.06221
-3.06279
-3.06341
-3.06407
-3.06476
-3.06549
-3.06626
-3.06707
-3.06791
-3.06878
-3.0697
-3.07065
-3.07165
-3.07269
-3.07377
-3.07489
-3.07606
-3.07726
-3.07849
-3.07976
-3.08106
-3.08238
-3.08374
-3.08512
-3.08654
-3.08799
-3.08947
-3.09098
-3.09253
-3.09411
-3.09573
-3.09738
-3.09905
-3.10076
-3.10249
-3.10424
-3.10601
-3.1078
-3.10961
-3.11145
-3.1133
-3.11517
-3.11707
-3.11898
-3.12092
-3.12287
-3.12482
-3.12679
-3.12875
-3.13072
-3.13268
-3.13464
-3.13661
-3.13858
-3.14056
-3.14254
-3.14454
-3.14654
-3.14857
-3.1506
-3.15266
-3.15472
-3.15681
-3.1589
-3.16101
-3.16314
-3.16529
-3.16746
-3.16966
-3.17188
-3.17414
-3.17643
-3.17873
-3.18105
-3.18335
-3.18563
-3.18786
-3.19001
-3.19206
-3.194
-3.19579
-3.19742
-3.19887
-3.20013
-3.20119
-3.20202
-3.20262
-3.203
-3.20314
-3.20306
-3.20278
-3.2023
-3.20164
-3.20085
-3.19992
-3.1989
-3.19781
-3.19667
-3.19552
-3.19436
-3.19324
-3.19216
-3.19113
-3.19017
-3.18928
-3.18845
-3.18768
-3.18695
-3.18625
-3.18559
-3.18493
-3.18428
-3.18362
-3.18294
-3.18223
-3.18148
-3.18069
-3.17985
-3.17897
-3.17803
-3.17707
-3.17608
-3.17509
-3.17413
-3.1732
-3.17233
-3.17155
-3.17087
-3.17031
-3.1699
-3.16965
-3.16957
-3.16967
-3.16996
-3.17044
-3.17111
-3.17195
-3.17296
-3.17412
-3.17542
-3.17684
-3.17837
-3.17999
-3.18169
-3.18346
-3.18526
-3.1871
-3.18896
-3.19083
-3.1927
-3.19458
-3.19648
-3.19841
-3.20039
-3.20243
-3.20455
-3.20677
-3.20911
-3.21157
-3.21418
-3.21694
-3.21987
-3.22297
-3.22624
-3.22969
-3.23332
-3.23711
-3.24105
-3.24513
-3.24933
-3.25364
-3.25803
-3.26248
-3.26698
-3.27151
-3.27605
-3.28058
-3.28508
-3.28956
-3.29399
-3.29837
-3.30272
-3.30703
-3.31131
-3.31558
-3.31986
-3.32415
-3.32846
-3.33282
-3.33721
-3.34167
-3.34618
-3.35076
-3.35543
-3.36017
-3.36499
-3.36989
-3.37487
-3.37991
-3.38499
-3.39009
-3.39521
-3.40032
-3.40539
-3.41042
-3.41539
-3.42028
-3.42508
-3.42978
-3.43437
-3.43885
-3.44321
-3.44747
-3.45163
-3.4557
-3.4597
-3.46364
-3.46754
-3.47141
-3.47525
-3.47909
-3.48293
-3.48679
-3.49067
-3.49459
-3.49856
-3.50258
-3.50664
-3.51076
-3.5149
-3.51906
-3.52323
-3.52738
-3.53149
-3.53555
-3.53955
-3.54347
-3.54729
-3.55102
-3.55464
-3.55815
-3.56155
-3.56484
-3.56802
-3.57111
-3.57411
-3.57704
-3.57991
-3.58274
-3.58553
-3.58831
-3.59108
-3.59385
-3.59665
-3.59947
-3.60234
-3.60524
-3.60819
-3.61118
-3.6142
-3.61725
-3.6203
-3.62335
-3.62636
-3.62934
-3.63226
-3.63511
-3.63789
-3.64058
-3.64319
-3.6457
-3.64811
-3.65041
-3.65261
-3.65472
-3.65673
-3.65866
-3.66052
-3.66232
-3.66409
-3.66584
-3.66759
-3.66934
-3.67111
-3.67291
-3.67476
-3.67665
-3.67859
-3.68058
-3.68262
-3.68471
-3.68682
-3.68895
-3.69108
-3.6932
-3.69529
-3.69733
-3.69932
-3.70126
-3.70312
-3.70491
-3.70662
-3.70824
-3.70978
-3.71122
-3.71257
-3.71384
-3.71503
-3.71617
-3.71726
-3.71833
-3.71938
-3.72044
-3.72151
-3.72262
-3.72375
-3.72494
-3.72617
-3.72745
-3.72878
-3.73016
-3.73157
-3.73301
-3.73447
-3.73593
-3.73737
-3.7388
-3.74018
-3.74153
-3.74282
-3.74406
-3.74524
-3.74635
-3.74739
-3.74836
-3.74925
-3.75007
-3.75083
-3.75154
-3.75221
-3.75287
-3.75353
-3.75421
-3.75492
-3.75568
-3.7565
-3.75737
-3.75832
-3.75933
-3.76042
-3.76158
-3.76281
-3.7641
-3.76545
-3.76684
-3.76827
-3.76971
-3.77117
-3.77262
-3.77405
-3.77545
-3.77682
-3.77814
-3.77941
-3.78061
-3.78176
-3.78284
-3.78385
-3.78481
-3.78573
-3.78661
-3.78748
-3.78834
-3.78921
-3.79011
-3.79105
-3.79202
-3.79305
-3.79412
-3.79525
-3.79643
-3.79767
-3.79897
-3.80032
-3.80172
-3.80316
-3.80463
-3.80612
-3.8076
-3.80908
-3.81053
-3.81195
-3.81332
-3.81463
-3.81589
-3.81709
-3.81823
-3.8193
-3.82031
-3.82126
-3.82217
-3.82304
-3.82389
-3.82474
-3.82559
-3.82645
-3.82735
-3.82827
-3.82924
-3.83025
-3.83131
-3.83242
-3.83357
-3.83479
-3.83605
-3.83736
-3.83871
-3.84009
-3.84149
-3.84288
-3.84427
-3.84562
-3.84694
-3.84821
-3.84942
-3.85058
-3.85167
-3.85269
-3.85365
-3.85454
-3.85537
-3.85615
-3.85688
-3.85757
-3.85824
-3.85889
-3.85955
-3.86021
-3.86088
-3.86158
-3.8623
-3.86306
-3.86385
-3.86468
-3.86555
-3.86646
-3.86741
-3.86839
-3.86939
-3.87039
-3.87139
-3.87237
-3.87332
-3.87422
-3.87508
-3.87588
-3.87663
-3.87732
-3.87795
-3.87852
-3.87904
-3.8795
-3.87992
-3.88029
-3.88063
-3.88095
-3.88126
-3.88157
-3.88189
-3.88224
-3.88261
-3.88301
-3.88346
-3.88395
-3.88448
-3.88505
-3.88567
-3.88633
-3.88701
-3.88772
-3.88844
-3.88916
-3.88986
-3.89053
-3.89117
-3.89176
-3.8923
-3.89279
-3.89323
-3.89361
-3.89394
-3.89421
-3.89442
-3.89458
-3.89469
-3.89476
-3.8948
-3.89482
-3.89483
-3.89485
-3.89487
-3.89492
-3.895
-3.89512
-3.89526
-3.89544
-3.89566
-3.89591
-3.89619
-3.89649
-3.89682
-3.89715
-3.89747
-3.89779
-3.89809
-3.89835
-3.89858
-3.89877
-3.89892
-3.89902
-3.89907
-3.89908
-3.89905
-3.89897
-3.89884
-3.89868
-3.8985
-3.89829
-3.89807
-3.89787
-3.89768
-3.89752
-3.89739
-3.89731
-3.89727
-3.89727
-3.89732
-3.89741
-3.89754
-3.8977
-3.89789
-3.89812
-3.89837
-3.89863
-3.8989
-3.89918
-3.89946
-3.89972
-3.89998
-3.90021
-3.90043
-3.90064
-3.90082
-3.90099
-3.90115
-3.9013
-3.90144
-3.90158
-3.90174
-3.90192
-3.90213
-3.90238
-3.90268
-3.90304
-3.90346
-3.90395
-3.9045
-3.90511
-3.90579
-3.90652
-3.90732
-3.90817
-3.90908
-3.91003
-3.91103
-3.91206
-3.91312
-3.9142
-3.91528
-3.91636
-3.91744
-3.9185
-3.91955
-3.92059
-3.9216
-3.92261
-3.92359
-3.92457
-3.92553
-3.9265
-3.92747
-3.92846
-3.92947
-3.93052
-3.9316
-3.93273
-3.93391
-3.93514
-3.93642
-3.93776
-3.93915
-3.94059
-3.94209
-3.94364
-3.94524
-3.94689
-3.94856
-3.95027
-3.95198
-3.95369
-3.95539
-3.95707
-3.95873
-3.96035
-3.96194
-3.9635
-3.96502
-3.9665
-3.96796
-3.96938
-3.97078
-3.97216
-3.97353
-3.9749
-3.97627
-3.97766
-3.97907
-3.98052
-3.982
-3.98353
-3.98511
-3.98675
-3.98845
-3.99022
-3.99205
-3.99395
-3.99593
-3.99796
-4.00005
-4.00219
-4.00438
-4.00659
-4.00884
-4.01111
-4.0134
-4.0157
-4.01803
-4.02037
-4.02272
-4.02509
-4.02748
-4.02988
-4.03231
-4.03476
-4.03724
-4.03976
-4.04232
-4.04494
-4.04762
-4.05036
-4.05316
-4.05602
-4.05894
-4.06192
-4.06495
-4.06803
-4.07115
-4.0743
-4.07748
-4.08067
-4.08387
-4.08705
-4.0902
-4.09331
-4.09637
-4.09937
-4.1023
-4.10514
-4.1079
-4.11056
-4.11311
-4.11556
-4.11789
-4.1201
-4.1222
-4.12418
-4.12606
-4.12784
-4.12954
-4.13116
-4.13271
-4.13421
-4.13566
-4.13708
-4.13848
-4.13986
-4.14123
-4.14261
-4.144
-4.1454
-4.14683
-4.14827
-4.14974
-4.15122
-4.15272
-4.15423
-4.15575
-4.15728
-4.15881
-4.16033
-4.16185
-4.16335
-4.16483
-4.16628
-4.1677
-4.16908
-4.17043
-4.17174
-4.17302
-4.17428
-4.1755
-4.17671
-4.1779
-4.17908
-4.18024
-4.18138
-4.18252
-4.18365
-4.18478
-4.18591
-4.18704
-4.18818
-4.18933
-4.19049
-4.19167
-4.19286
-4.19406
-4.19528
-4.1965
-4.19774
-4.19899
-4.20025
-4.20153
-4.20281
-4.2041
-4.2054
-4.20671
-4.20802
-4.20933
-4.21064
-4.21196
-4.21329
-4.21463
-4.21597
-4.21733
-4.21869
-4.22006
-4.22143
-4.2228
-4.22418
-4.22556
-4.22694
-4.22833
-4.22973
-4.23114
-4.23255
-4.23397
-4.23539
-4.23681
-4.23823
-4.23966
-4.24108
-4.24251
-4.24393
-4.24537
-4.2468
-4.24824
-4.24968
-4.25114
-4.2526
-4.25408
-4.25557
-4.2571
-4.25865
-4.26023
-4.26185
-4.26352
-4.26522
-4.26697
-4.26876
-4.2706
-4.27248
-4.27442
-4.27641
-4.27846
-4.28056
-4.28271
-4.28491
-4.28716
-4.28944
-4.29176
-4.2941
-4.29648
-4.29887
-4.30128
-4.3037
-4.30613
-4.30856
-4.31099
-4.31342
-4.31583
-4.31824
-4.32062
-4.32299
-4.32534
-4.32766
-4.32996
-4.33224
-4.33449
-4.33672
-4.33892
-4.34109
-4.34325
-4.3454
-4.34753
-4.34966
-4.3518
-4.35394
-4.35609
-4.35826
-4.36045
-4.36267
-4.36491
-4.36718
-4.36949
-4.37184
-4.37423
-4.37666
-4.37914
-4.38166
-4.38423
-4.38684
-4.38948
-4.39216
-4.39487
-4.39761
-4.40038
-4.40317
-4.40598
-4.4088
-4.41162
-4.41445
-4.41728
-4.4201
-4.42291
-4.42572
-4.42853
-4.43135
-4.43416
-4.43698
-4.43981
-4.44264
-4.44548
-4.44833
-4.45118
-4.45405
-4.45693
-4.45981
-4.4627
-4.4656
-4.4685
-4.47138
-4.47425
-4.4771
-4.47992
-4.4827
-4.48544
-4.48813
-4.49078
-4.49337
-4.49591
-4.49839
-4.50081
-4.50317
-4.50548
-4.50773
-4.50993
-4.51209
-4.51421
-4.51631
-4.51838
-4.52044
-4.5225
-4.52455
-4.52661
-4.52868
-4.53077
-4.53288
-4.53502
-4.53719
-4.53938
-4.5416
-4.54383
-4.54608
-4.54833
-4.55057
-4.55282
-4.55505
-4.55727
-4.55948
-4.56167
-4.56384
-4.566
-4.56815
-4.57028
-4.5724
-4.57451
-4.57663
-4.57875
-4.58089
-4.58305
-4.58524
-4.58746
-4.58971
-4.592
-4.59433
-4.59669
-4.59911
-4.60156
-4.60405
-4.60659
-4.60916
-4.61177
-4.61439
-4.61703
-4.61968
-4.62232
-4.62495
-4.62756
-4.63014
-4.63271
-4.63524
-4.63774
-4.64022
-4.64268
-4.64512
-4.64754
-4.64996
-4.65239
-4.65485
-4.65733
-4.65987
-4.66246
-4.66512
-4.66787
-4.6707
-4.67363
-4.67665
-4.67979
-4.68303
-4.68639
-4.68985
-4.69343
-4.6971
-4.70086
-4.7047
-4.7086
-4.71255
-4.71653
-4.72054
-4.72455
-4.72856
-4.73255
-4.73652
-4.74046
-4.74435
-4.74821
-4.75201
-4.75577
-4.75949
-4.76317
-4.76681
-4.77043
-4.77403
-4.77761
-4.78119
-4.78476
-4.78834
-4.79192
-4.79552
-4.79914
-4.80278
-4.80644
-4.81012
-4.81382
-4.81754
-4.82126
-4.82497
-4.82867
-4.83235
-4.83599
-4.83959
-4.84314
-4.84664
-4.85008
-4.85346
-4.85677
-4.86002
-4.86321
-4.86634
-4.86942
-4.87246
-4.87546
-4.87844
-4.8814
-4.88436
-4.88733
-4.89031
-4.89331
-4.89636
-4.89945
-4.90261
-4.90583
-4.90913
-4.91252
-4.916
-4.91957
-4.92321
-4.92694
-4.93073
-4.93458
-4.93848
-4.94241
-4.94637
-4.95033
-4.9543
-4.95825
-4.96217
-4.96605
-4.96989
-4.97366
-4.97737
-4.981
-4.98455
-4.98801
-4.99138
-4.99465
-4.99783
-5.00091
-5.0039
-5.0068
-5.00962
-5.01237
-5.01507
-5.01773
-5.02035
-5.02296
-5.02556
-5.02816
-5.03077
-5.03339
-5.03603
-5.0387
-5.04141
-5.04415
-5.04695
-5.0498
-5.05271
-5.05568
-5.05871
-5.0618
-5.06496
-5.06817
-5.07143
-5.07475
-5.07812
-5.08153
-5.08498
-5.08846
-5.09198
-5.09553
-5.09912
-5.10273
-5.10639
-5.11009
-5.11384
-5.11763
-5.12148
-5.12539
-5.12935
-5.13336
-5.13742
-5.14153
-5.1457
-5.14992
-5.15421
-5.15855
-5.16296
-5.16744
-5.17198
-5.17659
-5.18126
-5.18599
-5.19077
-5.1956
-5.20046
-5.20536
-5.21029
-5.21523
-5.22019
-5.22515
-5.23011
-5.23507
-5.24001
-5.24495
-5.24987
-5.25477
-5.25965
-5.2645
-5.26931
-5.27408
-5.27881
-5.28348
-5.2881
-5.29266
-5.29717
-5.30163
-5.30604
-5.31042
-5.31476
-5.31906
-5.32334
-5.32759
-5.33182
-5.33602
-5.3402
-5.34437
-5.34852
-5.35266
-5.35678
-5.3609
-5.365
-5.3691
-5.3732
-5.37729
-5.38139
-5.38549
-5.38958
-5.39368
-5.39777
-5.40185
-5.40592
-5.40998
-5.41402
-5.41806
-5.42208
-5.42609
-5.43011
-5.43413
-5.43816
-5.44221
-5.44626
-5.45033
-5.45441
-5.4585
-5.46259
-5.46668
-5.47076
-5.47482
-5.47886
-5.48286
-5.48683
-5.49074
-5.49459
-5.49837
-5.50208
-5.50571
-5.50926
-5.51271
-5.51607
-5.51932
-5.52248
-5.52555
-5.52852
-5.53142
-5.53426
-5.53705
-5.53981
-5.54256
-5.54533
-5.54812
-5.55097
-5.55388
-5.55687
-5.55995
-5.56313
-5.56641
-5.56981
-5.57333
-5.57696
-5.5807
-5.58456
-5.58851
-5.59256
-5.59669
-5.60088
-5.60514
-5.60943
-5.61375
-5.61808
-5.62239
-5.62669
-5.63095
-5.63517
-5.63933
-5.64343
-5.64748
-5.65147
-5.65542
-5.65932
-5.66319
-5.66703
-5.67085
-5.67466
-5.67847
-5.68228
-5.6861
-5.68994
-5.6938
-5.69769
-5.7016
-5.70554
-5.70951
-5.71352
-5.71755
-5.72161
-5.72568
-5.72977
-5.73386
-5.73794
-5.742
-5.74603
-5.75001
-5.75394
-5.75781
-5.76161
-5.76535
-5.76901
-5.77262
-5.77616
-5.77965
-5.7831
-5.78652
-5.7899
-5.79327
-5.79663
-5.79999
-5.80336
-5.80675
-5.81016
-5.81361
-5.8171
-5.82064
-5.82424
-5.82788
-5.83159
-5.83535
-5.83916
-5.84302
-5.84692
-5.85086
-5.85482
-5.85879
-5.86277
-5.86675
-5.87071
-5.87465
-5.87855
-5.88243
-5.88625
-5.89003
-5.89376
-5.89743
-5.90103
-5.90458
-5.90806
-5.91148
-5.91483
-5.91813
-5.92136
-5.92453
-5.92765
-5.93071
-5.93373
-5.93669
-5.9396
-5.94247
-5.9453
-5.94808
-5.95084
-5.95356
-5.95625
-5.95892
-5.96156
-5.9642
-5.96682
-5.96944
-5.97206
-5.9747
-5.97735
-5.98002
-5.98273
-5.98547
-5.98827
-5.99112
-5.99403
-5.99701
-6.00006
-6.00319
-6.0064
-6.00969
-6.01306
-6.01651
-6.02003
-6.02361
-6.02727
-6.03097
-6.03473
-6.03853
-6.04237
-6.04623
-6.05011
-6.05399
-6.05787
-6.06174
-6.06558
-6.0694
-6.07317
-6.07689
-6.08055
-6.08414
-6.08767
-6.09112
-6.09449
-6.09779
-6.10102
-6.10417
-6.10726
-6.11029
-6.11326
-6.11617
-6.11904
-6.12187
-6.12465
-6.1274
-6.13011
-6.1328
-6.13546
-6.13809
-6.14071
-6.14331
-6.14589
-6.14846
-6.15103
-6.1536
-6.15616
-6.15873
-6.1613
-6.16388
-6.16647
-6.16908
-6.17169
-6.17432
-6.17698
-6.17966
-6.18236
-6.18511
-6.18789
-6.19072
-6.1936
-6.19653
-6.19953
-6.20258
-6.20569
-6.20886
-6.21209
-6.21538
-6.21872
-6.22211
-6.22555
-6.22903
-6.23256
-6.23612
-6.23972
-6.24336
-6.24703
-6.25073
-6.25447
-6.25823
-6.26203
-6.26585
-6.26971
-6.27361
-6.27755
-6.28153
-6.28557
-6.28967
-6.29383
-6.29807
-6.30238
-6.30678
-6.31126
-6.31581
-6.32044
-6.32513
-6.32988
-6.33466
-6.33946
-6.34427
-6.34907
-6.35383
-6.35855
-6.36321
-6.36779
-6.37228
-6.37668
-6.38095
-6.38511
-6.38913
-6.393
-6.39673
-6.4003
-6.40372
-6.407
-6.41013
-6.41313
-6.41601
-6.4188
-6.42152
-6.42419
-6.42683
-6.42947
-6.43213
-6.43482
-6.43755
-6.44034
-6.44319
-6.44608
-6.44903
-6.45202
-6.45504
-6.45808
-6.46112
-6.46416
-6.46718
-6.47015
-6.47307
-6.47592
-6.47866
-6.48129
-6.48378
-6.48612
-6.48828
-6.49025
-6.49202
-6.49357
-6.49491
-6.49604
-6.49697
-6.49771
-6.49828
-6.4987
-6.499
-6.4992
-6.49931
-6.49936
-6.49937
-6.49935
-6.49931
-6.49926
-6.49922
-6.49918
-6.49916
-6.49917
-6.4992
-6.49927
-6.49938
-6.49952
-6.49971
-6.49994
-6.5002
-6.50049
-6.5008
-6.50111
-6.50142
-6.50172
-6.50199
-6.50224
-6.50247
-6.50268
-6.50287
-6.50306
-6.50326
-6.50348
-6.50374
-6.50406
-6.50443
-6.50489
-6.50544
-6.50609
-6.50684
-6.50772
-6.50872
-6.50986
-6.51114
-6.51257
-6.51415
-6.51591
-6.51783
-6.51993
-6.5222
-6.52465
-6.52726
-6.53002
-6.53292
-6.53594
-6.53905
-6.54222
-6.54544
-6.54867
-6.5519
-6.55509
-6.55823
-6.56131
-6.5643
-6.5672
-6.57
-6.57269
-6.57527
-6.57774
-6.58008
-6.58232
-6.58443
-6.58644
-6.58834
-6.59016
-6.5919
-6.5936
-6.59526
-6.59692
-6.59861
-6.60035
-6.60217
-6.60409
-6.60612
-6.60828
-6.61058
-6.61302
-6.61559
-6.61828
-6.62108
-6.62398
-6.62695
-6.62997
-6.63303
-6.63611
-6.63918
-6.64223
-6.64524
-6.64819
-6.65107
-6.65384
-6.6565
-6.65903
-6.66142
-6.66366
-6.66573
-6.66765
-6.66941
-6.67101
-6.67248
-6.67383
-6.67507
-6.67623
-6.67733
-6.67839
-6.67942
-6.68045
-6.68148
-6.68252
-6.68357
-6.68462
-6.68568
-6.68674
-6.68778
-6.68879
-6.68978
-6.69073
-6.69162
-6.69245
-6.69321
-6.69389
-6.69448
-6.69496
-6.69533
-6.69558
-6.6957
-6.69569
-6.69554
-6.69526
-6.69487
-6.69437
-6.69379
-6.69315
-6.69249
-6.69183
-6.69121
-6.69064
-6.69017
-6.6898
-6.68956
-6.68944
-6.68947
-6.68963
-6.68993
-6.69035
-6.69089
-6.69153
-6.69228
-6.6931
-6.69399
-6.69493
-6.69591
-6.69691
-6.69791
-6.6989
-6.69987
-6.70079
-6.70165
-6.70245
-6.70319
-6.70386
-6.70449
-6.70508
-6.70567
-6.70627
-6.70692
-6.70764
-6.70846
-6.7094
-6.71048
-6.71171
-6.71309
-6.71462
-6.71627
-6.71803
-6.71988
-6.72179
-6.72373
-6.72567
-6.72757
-6.7294
-6.73114
-6.73276
-6.73422
-6.73551
-6.73658
-6.73742
-6.73801
-6.73834
-6.73839
-6.73818
-6.73771
-6.737
-6.7361
-6.73504
-6.73387
-6.73264
-6.73142
-6.73027
-6.72923
-6.72838
-6.72774
-6.72737
-6.72728
-6.72751
-6.72805
-6.72892
-6.73011
-6.73161
-6.73341
-6.73547
-6.73779
-6.74031
-6.74301
-6.74584
-6.74876
-6.75171
-6.75466
-6.75754
-6.76031
-6.76292
-6.76534
-6.76752
-6.76945
-6.7711
-6.77248
-6.77359
-6.77445
-6.77509
-6.77554
-6.77584
-6.77605
-6.77619
-6.77632
-6.77648
-6.77671
-6.77703
-6.77749
-6.77809
-6.77886
-6.77982
-6.78096
-6.78228
-6.78379
-6.78546
-6.78729
-6.78924
-6.79128
-6.79338
-6.79549
-6.79757
-6.79958
-6.80145
-6.80315
-6.80464
-6.80589
-6.80686
-6.80756
-6.80797
-6.8081
-6.80796
-6.80758
-6.80699
-6.80623
-6.80534
-6.80435
-6.80333
-6.8023
-6.80132
-6.80044
-6.79969
-6.79911
-6.79873
-6.7986
-6.79873
-6.79914
-6.79984
-6.80083
-6.80212
-6.80368
-6.80549
-6.80752
-6.80973
-6.81206
-6.81447
-6.81691
-6.81932
-6.82164
-6.82384
-6.82586
-6.82767
-6.82924
-6.83054
-6.83157
-6.83232
-6.8328
-6.83301
-6.83297
-6.83271
-6.83225
-6.83163
-6.83087
-6.83001
-6.8291
-6.82817
-6.82727
-6.82643
-6.82569
-6.82508
-6.82464
-6.82436
-6.82429
-6.8244
-6.82472
-6.82522
-6.82589
-6.82671
-6.82766
-6.82869
-6.82979
-6.83091
-6.83202
-6.83311
-6.83412
-6.83506
-6.83589
-6.8366
-6.83718
-6.83763
-6.83794
-6.83812
-6.83817
-6.83812
-6.83797
-6.83776
-6.83749
-6.83721
-6.83694
-6.8367
-6.83654
-6.83647
-6.83652
-6.8367
-6.83705
-6.83755
-6.83822
-6.83904
-6.84
-6.84109
-6.84227
-6.84352
-6.8448
-6.84608
-6.84733
-6.84851
-6.84958
-6.85052
-6.85129
-6.85188
-6.85224
-6.85238
-6.85227
-6.85191
-6.8513
-6.85044
-6.84934
-6.84803
-6.84652
-6.84484
-6.84304
-6.84115
-6.83921
-6.83726
-6.83536
-6.83355
-6.83185
-6.83031
-6.82895
-6.82779
-6.82685
-6.82615
-6.82568
-6.82544
-6.82541
-6.8256
-6.82596
-6.82648
-6.82713
-6.82786
-6.82863
-6.82942
-6.83018
-6.83087
-6.83146
-6.83191
-6.83219
-6.83228
-6.83216
-6.83183
-6.83126
-6.83048
-6.82947
-6.82826
-6.82685
-6.82527
-6.82354
-6.82168
-6.8197
-6.81765
-6.81555
-6.81342
-6.8113
-6.8092
-6.80716
-6.80519
-6.80331
-6.80154
-6.79989
-6.79837
-6.79698
-6.79571
-6.79457
-6.79354
-6.79261
-6.79178
-6.79102
-6.79033
-6.78968
-6.78907
-6.78848
-6.78791
-6.78734
-6.78677
-6.7862
-6.78564
-6.78507
-6.78451
-6.78397
-6.78345
-6.78296
-6.78252
-6.78215
-6.78185
-6.78164
-6.78152
-6.78153
-6.78165
-6.78191
-6.78232
-6.78287
-6.78358
-6.78445
-6.78547
-6.78665
-6.78799
-6.78947
-6.79109
-6.79284
-6.79472
-6.7967
-6.7988
-6.80099
-6.80328
-6.80565
-6.8081
-6.81063
-6.81323
-6.81591
-6.81865
-6.82147
-6.82435
-6.82729
-6.83028
-6.83332
-6.83637
-6.83944
-6.84248
-6.84548
-6.8484
-6.85122
-6.8539
-6.85639
-6.85867
-6.8607
-6.86245
-6.86389
-6.86499
-6.86574
-6.86612
-6.86614
-6.86579
-6.86507
-6.86402
-6.86264
-6.86096
-6.85903
-6.85687
-6.85454
-6.85208
-6.84954
-6.84696
-6.84441
-6.84192
-6.83954
-6.83731
-6.83526
-6.83342
-6.83181
-6.83045
-6.82933
-6.82845
-6.8278
-6.82736
-6.82711
-6.82701
-6.82704
-6.82714
-6.8273
-6.82747
-6.82761
-6.82768
-6.82767
-6.82754
-6.82727
-6.82685
-6.82626
-6.82551
-6.8246
-6.82354
-6.82234
-6.82103
-6.81963
-6.81816
-6.81667
-6.81517
-6.81371
-6.81232
-6.81103
-6.80986
-6.80885
-6.80799
-6.80731
-6.80681
-6.80648
-6.80633
-6.80632
-6.80645
-6.80668
-6.80698
-6.80732
-6.80766
-6.80797
-6.80822
-6.80837
-6.80839
-6.80825
-6.80794
-6.80744
-6.80673
-6.80582
-6.80469
-6.80336
-6.80183
-6.80013
-6.79828
-6.79631
-6.79425
-6.79214
-6.79001
-6.7879
-6.78585
-6.78388
-6.78203
-6.78032
-6.77877
-6.77739
-6.77618
-6.77515
-6.77429
-6.77358
-6.77301
-6.77255
-6.77218
-6.77186
-6.77158
-6.77129
-6.77097
-6.77059
-6.77011
-6.76951
-6.76877
-6.76788
-6.76681
-6.76557
-6.76416
-6.76258
-6.76084
-6.75897
-6.75699
-6.75493
-6.75281
-6.75068
-6.74857
-6.74651
-6.74454
-6.74269
-6.74099
-6.73945
-6.73809
-6.73692
-6.73595
-6.73517
-6.73459
-6.73418
-6.73394
-6.73384
-6.73386
-6.73396
-6.73413
-6.73432
-6.73451
-6.73466
-6.73475
-6.73475
-6.73463
-6.73439
-6.734
-6.73345
-6.73276
-6.73192
-6.73095
-6.72987
-6.72869
-6.72745
-6.72617
-6.72489
-6.72363
-6.72243
-6.72131
-6.7203
-6.71942
-6.71869
-6.71813
-6.71774
-6.71753
-6.7175
-6.71764
-6.71794
-6.71839
-6.71896
-6.71962
-6.72036
-6.72114
-6.72193
-6.7227
-6.72341
-6.72403
-6.72455
-6.72494
-6.72518
-6.72527
-6.72519
-6.72495
-6.72456
-6.72404
-6.72339
-6.72264
-6.72181
-6.72094
-6.72005
-6.71917
-6.71833
-6.71755
-6.71687
-6.7163
-6.71587
-6.71559
-6.71547
-6.71551
-6.71572
-6.7161
-6.71662
-6.71728
-6.71805
-6.71891
-6.71983
-6.72078
-6.72173
-6.72265
-6.72351
-6.72429
-6.72496
-6.72549
-6.72589
-6.72613
-6.72621
-6.72613
-6.72591
-6.72554
-6.72505
-6.72446
-6.72379
-6.72307
-6.72232
-6.72157
-6.72084
-6.72017
-6.71958
-6.71909
-6.71873
-6.7185
-6.71842
-6.7185
-6.71873
-6.7191
-6.71961
-6.72024
-6.72097
-6.72178
-6.72264
-6.72352
-6.72439
-6.72522
-6.72599
-6.72668
-6.72725
-6.7277
-6.728
-6.72816
-6.72817
-6.72802
-6.72773
-6.72731
-6.72676
-6.72611
-6.72538
-6.72459
-6.72378
-6.72296
-6.72217
-6.72144
-6.72078
-6.72022
-6.71977
-6.71946
-6.71929
-6.71927
-6.71939
-6.71965
-6.72005
-6.72055
-6.72115
-6.72182
-6.72253
-6.72327
-6.72399
-6.72469
-6.72532
-6.72588
-6.72633
-6.72667
-6.72688
-6.72694
-6.72687
-6.72665
-6.72629
-6.72581
-6.72522
-6.72453
-6.72377
-6.72296
-6.72213
-6.7213
-6.72051
-6.71977
-6.71911
-6.71856
-6.71812
-6.71782
-6.71765
-6.71763
-6.71775
-6.718
-6.71838
-6.71887
-6.71945
-6.72009
-6.72078
-6.7215
-6.72221
-6.72289
-6.72352
-6.72407
-6.72452
-6.72486
-6.72508
-6.72516
-6.72511
-6.72492
-6.72459
-6.72415
-6.72359
-6.72294
-6.72223
-6.72146
-6.72068
-6.7199
-6.71915
-6.71846
-6.71784
-6.71732
-6.71691
-6.71662
-6.71646
-6.71644
-6.71655
-6.71679
-6.71715
-6.71762
-6.71817
-6.71879
-6.71945
-6.72014
-6.72082
-6.72148
-6.72209
-6.72264
-6.72309
-6.72344
-6.72367
-6.72377
-6.72374
-6.72358
-6.7233
-6.7229
-6.7224
-6.72182
-6.72118
-6.7205
-6.71979
-6.7191
-6.71843
-6.71782
-6.71727
-6.71682
-6.71647
-6.71623
-6.71612
-6.71613
-6.71626
-6.71651
-6.71687
-6.71733
-6.71786
-6.71846
-6.7191
-6.71976
-6.72041
-6.72103
-6.72159
-6.72209
-6.7225
-6.7228
-6.72298
-6.72304
-6.72297
-6.72278
-6.72246
-6.72204
-6.72152
-6.72092
-6.72026
-6.71956
-6.71884
-6.71813
-6.71744
-6.7168
-6.71623
-6.71574
-6.71535
-6.71506
-6.7149
-6.71485
-6.71492
-6.7151
-6.71539
-6.71577
-6.71623
-6.71675
-6.7173
-6.71788
-6.71845
-6.71899
-6.71948
-6.71991
-6.72025
-6.72049
-6.72063
-6.72066
-6.72057
-6.72036
-6.72006
-6.71965
-6.71916
-6.7186
-6.71799
-6.71735
-6.7167
-6.71606
-6.71545
-6.71489
-6.71441
-6.714
-6.7137
-6.71351
-6.71344
-6.71348
-6.71365
-6.71392
-6.71431
-6.71478
-6.71533
-6.71594
-6.71659
-6.71726
-6.71792
-6.71855
-6.71914
-6.71966
-6.7201
-6.72045
-6.72069
-6.72083
-6.72085
-6.72077
-6.72057
-6.72028
-6.71991
-6.71946
-6.71895
-6.71841
-6.71785
-6.71729
-6.71676
-6.71626
-6.71583
-6.71547
-6.7152
-6.71502
-6.71495
-6.71498
-6.71512
-6.71536
-6.71569
-6.7161
-6.71657
-6.71708
-6.71763
-6.71818
-6.71873
-6.71924
-6.7197
-6.72011
-6.72043
-6.72066
-6.7208
-6.72083
-6.72075
-6.72057
-6.72029
-6.71993
-6.71948
-6.71896
-6.7184
-6.71781
-6.7172
-6.7166
-6.71602
-6.71549
-6.71502
-6.71463
-6.71433
-6.71412
-6.71402
-6.71401
-6.71411
-6.71431
-6.71459
-6.71494
-6.71536
-6.71582
-6.71631
-6.7168
-6.71729
-6.71775
-6.71816
-6.71852
-6.7188
-6.71899
-6.71909
-6.7191
-6.719
-6.71881
-6.71852
-6.71814
-6.71769
-6.71717
-6.71662
-6.71603
-6.71544
-6.71486
-6.71431
-6.71381
-6.71336
-6.713
-6.71271
-6.71253
-6.71244
-6.71245
-6.71256
-6.71276
-6.71304
-6.7134
-6.71382
-6.71428
-6.71477
-6.71528
-6.71578
-6.71625
-6.71669
-6.71708
-6.7174
-6.71763
-6.71779
-6.71785
-6.71782
-6.71769
-6.71749
-6.7172
-6.71685
-6.71644
-6.71599
-6.71553
-6.71505
-6.71459
-6.71416
-6.71377
-6.71344
-6.71318
-6.713
-6.71291
-6.7129
-6.71299
-6.71316
-6.71342
-6.71375
-6.71414
-6.71459
-6.71508
-6.71559
-6.7161
-6.7166
-6.71708
-6.7175
-6.71787
-6.71817
-6.71838
-6.71851
-6.71855
-6.71849
-6.71834
-6.71811
-6.71779
-6.71742
-6.71698
-6.71651
-6.71602
-6.71552
-6.71503
-6.71457
-6.71415
-6.71377
-6.71347
-6.71323
-6.71308
-6.71301
-6.71303
-6.71313
-6.71331
-6.71357
-6.71389
-6.71425
-6.71466
-6.71509
-6.71552
-6.71595
-6.71635
-6.71671
-6.71702
-6.71727
-6.71744
-6.71753
-6.71754
-6.71746
-6.71731
-6.71708
-6.71678
-6.71643
-6.71603
-6.7156
-6.71515
-6.7147
-6.71426
-6.71384
-6.71347
-6.71315
-6.71289
-6.71271
-6.7126
-6.71257
-6.71263
-6.71277
-6.71298
-6.71326
-6.7136
-6.71399
-6.71441
-6.71485
-6.71529
-6.71572
-6.71613
-6.71649
-6.71681
-6.71706
-6.71724
-6.71735
-6.71738
-6.71733
-6.71721
-6.71701
-6.71675
-6.71644
-6.71608
-6.7157
-6.71529
-6.71489
-6.71449
-6.71412
-6.71378
-6.71349
-6.71327
-6.7131
-6.71302
-6.71301
-6.71307
-6.71322
-6.71343
-6.7137
-6.71402
-6.71439
-6.71478
-6.71518
-6.71559
-6.71598
-6.71634
-6.71667
-6.71694
-6.71715
-6.7173
-6.71737
-6.71737
-6.71729
-6.71714
-6.71692
-6.71664
-6.7163
-6.71592
-6.71551
-6.71508
-6.71464
-6.71421
-6.71381
-6.71344
-6.71312
-6.71285
-6.71265
-6.71251
-6.71245
-6.71246
-6.71253
-6.71267
-6.71287
-6.71312
-6.7134
-6.71371
-6.71404
-6.71436
-6.71468
-6.71498
-6.71524
-6.71546
-6.71563
-6.71574
-6.71579
-6.71578
-6.71571
-6.71557
-6.71537
-6.71512
-6.71483
-6.71451
-6.71416
-6.71381
-6.71346
-6.71313
-6.71282
-6.71256
-6.71234
-6.71218
-6.71207
-6.71204
-6.71207
-6.71217
-6.71232
-6.71254
-6.7128
-6.7131
-6.71343
-6.71378
-6.71414
-6.7145
-6.71484
-6.71515
-6.71542
-6.71565
-6.71582
-6.71592
-6.71596
-6.71594
-6.71585
-6.71569
-6.71547
-6.71521
-6.7149
-6.71455
-6.71419
-6.71382
-6.71345
-6.71309
-6.71277
-6.71248
-6.71224
-6.71205
-6.71192
-6.71186
-6.71185
-6.71191
-6.71204
-6.71221
-6.71244
-6.71272
-6.71302
-6.71335
-6.71369
-6.71404
-6.71437
-6.71469
-6.71497
-6.71522
-6.71542
-6.71556
-6.71565
-6.71569
-6.71566
-6.71558
-6.71545
-6.71527
-6.71506
-6.71482
-6.71456
-6.7143
-6.71404
-6.71379
-6.71356
-6.71337
-6.71321
-6.71309
-6.71302
-6.71301
-6.71304
-6.71313
-6.71327
-6.71344
-6.71366
-6.71391
-6.71418
-6.71446
-6.71474
-6.71502
-6.71527
-6.7155
-6.71569
-6.71583
-6.71593
-6.71596
-6.71594
-6.71587
-6.71573
-6.71555
-6.71531
-6.71504
-6.71474
-6.71441
-6.71407
-6.71372
-6.71339
-6.71306
-6.71276
-6.7125
-6.71227
-6.71209
-6.71196
-6.71188
-6.71186
-6.71188
-6.71196
-6.71209
-6.71225
-6.71245
-6.71268
-6.71292
-6.71316
-6.7134
-6.71362
-6.71382
-6.71399
-6.71413
-6.71422
-6.71427
-6.71427
-6.71422
-6.71413
-6.71399
-6.71381
-6.7136
-6.71337
-6.71312
-6.71285
-6.71259
-6.71234
-6.7121
-6.71188
-6.7117
-6.71156
-6.71146
-6.71141
-6.71141
-6.71146
-6.71156
-6.71171
-6.71189
-6.71211
-6.71236
-6.71263
-6.7129
-6.71318
-6.71345
-6.7137
-6.71392
-6.71412
-6.71427
-6.71438
-6.71445
-6.71447
-6.71444
-6.71437
-6.71426
-6.7141
-6.71391
-6.7137
-6.71346
-6.71321
-6.71295
-6.7127
-6.71246
-6.71225
-6.71206
-6.7119
-6.71178
-6.7117
-6.71166
-6.71167
-6.71171
-6.7118
-6.71191
-6.71206
-6.71222
-6.7124
-6.71259
-6.71277
-6.71295
-6.71311
-6.71325
-6.71337
-6.71345
-6.7135
-6.71351
-6.71348
-6.71341
-6.71331
-6.71317
-6.713
-6.7128
-6.71259
-6.71237
-6.71214
-6.71191
-6.7117
-6.71151
-6.71134
-6.7112
-6.71111
-6.71105
-6.71103
-6.71106
-6.71113
-6.71125
-6.71139
-6.71157
-6.71178
-6.71201
-6.71225
-6.7125
-6.71275
-6.713
-6.71323
-6.71344
-6.71362
-6.71377
-6.71389
-6.71397
-6.71402
-6.71402
-6.71399
-6.71393
-6.71383
-6.71371
-6.71357
-6.71341
-6.71325
-6.71308
-6.71293
-6.71278
-6.71266
-6.71256
-6.71248
-6.71244
-6.71242
-6.71243
-6.71248
-6.71255
-6.71264
-6.71276
-6.71289
-6.71303
-6.71318
-6.71333
-6.71346
-6.71359
-6.71369
-6.71377
-6.71382
-6.71384
-6.71382
-6.71377
-6.71367
-6.71354
-6.71338
-6.71318
-6.71296
-6.71272
-6.71247
-6.71221
-6.71195
-6.7117
-6.71146
-6.71124
-6.71104
-6.71087
-6.71073
-6.71063
-6.71056
-6.71052
-6.71052
-6.71056
-6.71062
-6.71071
-6.71082
-6.71095
-6.71109
-6.71123
-6.71138
-6.71152
-6.71164
-6.71175
-6.71183
-6.71189
-6.71192
-6.71192
-6.71189
-6.71184
-6.71176
-6.71166
-6.71154
-6.71141
-6.71127
-6.71113
-6.71099
-6.71086
-6.71074
-6.71065
-6.71057
-6.71052
-6.71049
-6.7105
-6.71053
-6.7106
-6.7107
-6.71082
-6.71097
-6.71114
-6.71133
-6.71153
-6.71173
-6.71194
-6.71214
-6.71232
-6.71249
-6.71264
-6.71276
-6.71286
-6.71292
-6.71296
-6.71297
-6.71295
-6.71291
-6.71284
-6.71276
-6.71266
-6.71255
-6.71244
-6.71233
-6.71222
-6.71211
-6.71203
-6.71195
-6.7119
-6.71187
-6.71186
-6.71187
-6.71191
-6.71198
-6.71206
-6.71216
-6.71228
-6.7124
-6.71253
-6.71267
-6.71279
-6.71291
-6.71302
-6.71311
-6.71319
-6.71324
-6.71326
-6.71327
-6.71325
-6.71321
-6.71315
-6.71307
-6.71298
-6.71287
-6.71275
-6.71263
-6.71251
-6.71238
-6.71227
-6.71216
-6.71207
-6.712
-6.71194
-6.71191
-6.7119
-6.71191
-6.71194
-6.71199
-6.71206
-6.71214
-6.71223
-6.71233
-6.71243
-6.71253
-6.71261
-6.71269
-6.71276
-6.71281
-6.71284
-6.71286
-6.71285
-6.71282
-6.71278
-6.71271
-6.71262
-6.71252
-6.7124
-6.71227
-6.71214
-6.712
-6.71187
-6.71174
-6.71161
-6.7115
-6.7114
-6.71132
-6.71126
-6.71122
-6.7112
-6.7112
-6.71122
-6.71125
-6.7113
-6.71135
-6.71141
-6.71148
-6.71155
-6.71161
-6.71167
-6.71172
-6.71176
-6.71178
-6.71179
-6.71178
-6.71175
-6.71171
-6.71165
-6.71157
-6.71148
-6.71137
-6.71126
-6.71113
-6.711
-6.71087
-6.71075
-6.71063
-6.71052
-6.71042
-6.71034
-6.71028
-6.71023
-6.71021
-6.7102
-6.7102
-6.71023
-6.71026
-6.71031
-6.71037
-6.71044
-6.7105
-6.71057
-6.71064
-6.7107
-6.71076
-6.7108
-6.71083
-6.71085
-6.71086
-6.71085
-6.71082
-6.71078
-6.71072
-6.71065
-6.71057
-6.71048
-6.71039
-6.7103
-6.71021
-6.71012
-6.71004
-6.70997
-6.70991
-6.70986
-6.70983
-6.70982
-6.70982
-6.70983
-6.70986
-6.70991
-6.70996
-6.71003
-6.71011
-6.71019
-6.71028
-6.71037
-6.71047
-6.71056
-6.71065
-6.71073
-6.71081
-6.71087
-6.71093
-6.71098
-6.71102
-6.71104
-6.71106
-6.71108
-6.71109
-6.71109
-6.71109
-6.7111
-6.7111
-6.71111
-6.71113
-6.71115
-6.71118
-6.71122
-6.71127
-6.71132
-6.71138
-6.71144
-6.71152
-6.71159
-6.71167
-6.71176
-6.71184
-6.71192
-6.712
-6.71208
-6.71215
-6.7122
-6.71225
-6.71229
-6.71232
-6.71233
-6.71234
-6.71233
-6.71231
-6.71228
-6.71225
-6.71221
-6.71217
-6.71212
-6.71208
-6.71204
-6.71201
-6.71198
-6.71195
-6.71194
-6.71193
-6.71192
-6.71193
-6.71195
-6.71197
-6.712
-6.71204
-6.71209
-6.71214
-6.71219
-6.71225
-6.7123
-6.71236
-6.71241
-6.71246
-6.7125
-6.71254
-6.71257
-6.7126
-6.71261
-6.71262
-6.71263
-6.71264
-6.71264
-6.71264
-6.71264
-6.71264
-6.71264
-6.71265
-6.71266
-6.71268
-6.7127
-6.71274
-6.71278
-6.71282
-6.71288
-6.71294
-6.71302
-6.7131
-6.71319
-6.71328
-6.71338
-6.71349
-6.7136
-6.71371
-6.71382
-6.71393
-6.71404
-6.71414
-6.71424
-6.71433
-6.71443
-6.71452
-6.7146
-6.71468
-6.71476
-6.71484
-6.71492
-6.71499
-6.71507
-6.71514
-6.71521
-6.71529
-6.71536
-6.71543
-6.71551
-6.71558
-6.71565
-6.71572
-6.7158
-6.71587
-6.71594
-6.716
-6.71607
-6.71612
-6.71618
-6.71622
-6.71626
-6.71629
-6.71631
-6.71632
-6.71633
-6.71633
-6.71632
-6.7163
-6.71628
-6.71626
-6.71624
-6.71622
-6.71619
-6.71617
-6.71616
-6.71614
-6.71614
-6.71614
-6.71615
-6.71616
-6.71619
-6.71622
-6.71627
-6.71632
-6.71639
-6.71646
-6.71655
-6.71664
-6.71674
-6.71684
-6.71695
-6.71706
-6.71717
-6.71728
-6.71739
-6.71749
-6.7176
-6.7177
-6.71779
-6.71789
-6.71798
-6.71806
-6.71814
-6.71822
-6.7183
-6.71836
-6.71843
-6.71849
-6.71855
-6.71861
-6.71866
-6.71871
-6.71876
-6.71881
-6.71885
-6.7189
-6.71895
-6.71899
-6.71904
-6.71908
-6.71913
-6.71917
-6.71922
-6.71926
-6.7193
-6.71933
-6.71936
-6.71939
-6.71942
-6.71945
-6.71948
-6.71951
-6.71953
-6.71956
-6.71959
-6.71963
-6.71966
-6.7197
-6.71974
-6.71978
-6.71983
-6.71988
-6.71993
-6.71998
-6.72004
-6.72011
-6.72017
-6.72024
-6.72032
-6.72039
-6.72046
-6.72053
-6.7206
-6.72066
-6.72072
-6.72077
-6.72081
-6.72084
-6.72087
-6.72089
-6.72089
-6.72089
-6.72088
-6.72087
-6.72084
-6.72081
-6.72077
-6.72073
-6.72068
-6.72063
-6.72058
-6.72052
-6.72046
-6.72041
-6.72035
-6.72029
-6.72024
-6.72019
-6.72015
-6.72011
-6.72008
-6.72005
-6.72002
-6.72
-6.71999
-6.71997
-6.71996
-6.71996
-6.71995
-6.71995
-6.71995
-6.71995
-6.71996
-6.71996
-6.71997
-6.71998
-6.71999
-6.72001
-6.72002
-6.72004
-6.72005
-6.72007
-6.72008
-6.7201
-6.72011
-6.72013
-6.72014
-6.72015
-6.72017
-6.72018
-6.72019
-6.7202
-6.72021
-6.72022
-6.72022
-6.72022
-6.72022
-6.72021
-6.7202
-6.72018
-6.72016
-6.72013
-6.7201
-6.72006
-6.72002
-6.71997
-6.71992
-6.71987
-6.71981
-6.71976
-6.7197
-6.71964
-6.71958
-6.71952
-6.71946
-6.7194
-6.71935
-6.7193
-6.71925
-6.7192
-6.71916
-6.71912
-6.71909
-6.71906
-6.71904
-6.71902
-6.71901
-6.71899
-6.71898
-6.71897
-6.71896
-6.71895
-6.71894
-6.71893
-6.71892
-6.71891
-6.7189
-6.71889
-6.71887
-6.71886
-6.71884
-6.71883
-6.71881
-6.71879
-6.71877
-6.71875
-6.71872
-6.7187
-6.71867
-6.71864
-6.71861
-6.71858
-6.71855
-6.71852
-6.71849
-6.71846
-6.71842
-6.71839
-6.71836
-6.71832
-6.71828
-6.71824
-6.7182
-6.71815
-6.7181
-6.71805
-6.718
-6.71795
-6.7179
-6.71784
-6.71779
-6.71774
-6.71769
-6.71764
-6.71759
-6.71754
-6.71749
-6.71745
-6.71741
-6.71737
-6.71734
-6.71731
-6.71728
-6.71726
-6.71724
-6.71722
-6.71721
-6.7172
-6.71719
-6.71718
-6.71717
-6.71716
-6.71716
-6.71715
-6.71714
-6.71713
-6.71712
-6.7171
-6.71709
-6.71707
-6.71706
-6.71704
-6.71703
-6.71701
-6.71699
-6.71698
-6.71696
-6.71694
-6.71692
-6.7169
-6.71688
-6.71686
-6.71685
-6.71683
-6.71682
-6.7168
-6.71679
-6.71678
-6.71678
-6.71677
-6.71676
-6.71676
-6.71676
-6.71675
-6.71675
-6.71674
-6.71673
-6.71673
-6.71672
-6.71672
-6.71672
-6.71672
-6.71672
-6.71672
-6.71672
-6.71672
-6.71673
-6.71674
-6.71674
-6.71675
-6.71676
-6.71677
-6.71679
-6.7168
-6.71682
-6.71684
-6.71686
-6.71688
-6.7169
-6.71693
-6.71695
-6.71697
-6.717
-6.71702
-6.71703
-6.71705
-6.71706
-6.71707
-6.71707
-6.71707
-6.71707
-6.71707
-6.71706
-6.71705
-6.71703
-6.71702
-6.717
-6.71698
-6.71696
-6.71693
-6.7169
-6.71687
-6.71684
-6.71681
-6.71678
-6.71674
-6.71671
-6.71667
-6.71664
-6.71661
-6.71657
-6.71654
-6.71651
-6.71647
-6.71644
-6.71641
-6.71637
-6.71634
-6.7163
-6.71626
-6.71623
-6.71619
-6.71615
-6.71612
-6.71609
-6.71606
-6.71603
-6.716
-6.71598
-6.71596
-6.71594
-6.71593
-6.71592
-6.71591
-6.7159
-6.71591
-6.71591
-6.71592
-6.71594
-6.71596
-6.71598
-6.71602
-6.71605
-6.71609
-6.71613
-6.71617
-6.71622
-6.71627
-6.71632
-6.71637
-6.71642
-6.71647
-6.71652
-6.71657
-6.71663
-6.71668
-6.71673
-6.71679
-6.71684
-6.71689
-6.71695
-6.717
-6.71705
-6.71709
-6.71714
-6.71718
-6.71723
-6.71727
-6.7173
-6.71734
-6.71737
-6.7174
-6.71743
-6.71746
-6.71748
-6.7175
-6.71751
-6.71752
-6.71752
-6.71752
-6.71752
-6.71751
-6.71749
-6.71748
-6.71745
-6.71743
-6.7174
-6.71737
-6.71734
-6.7173
-6.71727
-6.71723
-6.71719
-6.71715
-6.71711
-6.71707
-6.71703
-6.71699
-6.71695
-6.71692
-6.71688
-6.71686
-6.71683
-6.71681
-6.71679
-6.71678
-6.71677
-6.71676
-6.71676
-6.71676
-6.71676
-6.71676
-6.71677
-6.71677
-6.71678
-6.71679
-6.71681
-6.71682
-6.71684
-6.71686
-6.71687
-6.71689
-6.71691
-6.71694
-6.71696
-6.71698
-6.717
-6.71702
-6.71703
-6.71705
-6.71707
-6.71708
-6.7171
-6.71711
-6.71712
-6.71713
-6.71714
-6.71715
-6.71716
-6.71716
-6.71715
-6.71715
-6.71714
-6.71712
-6.71711
-6.71708
-6.71706
-6.71703
-6.717
-6.71697
-6.71694
-6.7169
-6.71687
-6.71683
-6.71679
-6.71676
-6.71672
-6.71668
-6.71665
-6.71661
-6.71658
-6.71656
-6.71654
-6.71652
-6.71651
-6.7165
-6.71651
-6.71651
-6.71653
-6.71655
-6.71657
-6.7166
-6.71663
-6.71667
-6.71672
-6.71676
-6.71681
-6.71686
-6.71691
-6.71697
-6.71703
-6.71709
-6.71715
-6.71721
-6.71727
-6.71732
-6.71738
-6.71744
-6.71749
-6.71754
-6.71758
-6.71763
-6.71767
-6.7177
-6.71774
-6.71777
-6.71779
-6.71782
-6.71784
-6.71786
-6.71787
-6.71788
-6.71789
-6.71789
-6.71789
-6.71789
-6.71788
-6.71787
-6.71786
-6.71785
-6.71784
-6.71783
-6.71782
-6.71781
-6.7178
-6.7178
-6.7178
-6.7178
-6.7178
-6.71781
-6.71782
-6.71783
-6.71785
-6.71787
-6.7179
-6.71793
-6.71796
-6.718
-6.71804
-6.71809
-6.71814
-6.71819
-6.71824
-6.71829
-6.71834
-6.71839
-6.71844
-6.71848
-6.71852
-6.71855
-6.71858
-6.71861
-6.71862
-6.71864
-6.71864
-6.71864
-6.71863
-6.71862
-6.7186
-6.71857
-6.71853
-6.71848
-6.71842
-6.71836
-6.71829
-6.71821
-6.71813
-6.71804
-6.71795
-6.71785
-6.71774
-6.71764
-6.71753
-6.71741
-6.7173
-6.71718
-6.71706
-6.71694
-6.71682
-6.7167
-6.71658
-6.71647
-6.71636
-6.71626
-6.71616
-6.71607
-6.71598
-6.71591
-6.71584
-6.71578
-6.71573
-6.71569
-6.71565
-6.71562
-6.71561
-6.7156
-6.71559
-6.7156
-6.71561
-6.71564
-6.71567
-6.7157
-6.71574
-6.71579
-6.71584
-6.71589
-6.71595
-6.71601
-6.71607
-6.71613
-6.71619
-6.71624
-6.7163
-6.71635
-6.7164
-6.71645
-6.7165
-6.71654
-6.71658
-6.71662
-6.71665
-6.71668
-6.7167
-6.71672
-6.71673
-6.71674
-6.71675
-6.71675
-6.71675
-6.71675
-6.71675
-6.71675
-6.71674
-6.71674
-6.71674
-6.71674
-6.71674
-6.71674
-6.71674
-6.71674
-6.71675
-6.71676
-6.71677
-6.71678
-6.7168
-6.71682
-6.71685
-6.71688
-6.71691
-6.71695
-6.71699
-6.71704
-6.71709
-6.71713
-6.71718
-6.71724
-6.71729
-6.71734
-6.71739
-6.71744
-6.71748
-6.71753
-6.71757
-6.71761
-6.71765
-6.71768
-6.71771
-6.71773
-6.71775
-6.71776
-6.71776
-6.71775
-6.71774
-6.71772
-6.71769
-6.71766
-6.71762
-6.71758
-6.71753
-6.71748
-6.71742
-6.71736
-6.7173
-6.71723
-6.71716
-6.7171
-6.71703
-6.71696
-6.71689
-6.71683
-6.71677
-6.71671
-6.71666
-6.71661
-6.71657
-6.71653
-6.7165
-6.71647
-6.71645
-6.71644
-6.71643
-6.71643
-6.71643
-6.71644
-6.71645
-6.71646
-6.71648
-6.71651
-6.71653
-6.71656
-6.7166
-6.71663
-6.71667
-6.71671
-6.71675
-6.71679
-6.71683
-6.71686
-6.7169
-6.71693
-6.71697
-6.717
-6.71702
-6.71705
-6.71707
-6.7171
-6.71711
-6.71713
-6.71715
-6.71716
-6.71717
-6.71717
-6.71718
-6.71718
-6.71718
-6.71718
-6.71718
-6.71718
-6.71717
-6.71717
-6.71718
-6.71718
-6.71718
-6.71719
-6.7172
-6.71722
-6.71724
-6.71725
-6.71728
-6.7173
-6.71733
-6.71736
-6.7174
-6.71744
-6.71748
-6.71752
-6.71757
-6.71762
-6.71767
-6.71772
-6.71777
-6.71783
-6.71788
-6.71793
-6.71798
-6.71802
-6.71807
-6.7181
-6.71814
-6.71817
-6.7182
-6.71822
-6.71823
-6.71825
-6.71825
-6.71826
-6.71825
-6.71825
-6.71823
-6.71822
-6.71819
-6.71817
-6.71814
-6.71811
-6.71807
-6.71804
-6.718
-6.71796
-6.71792
-6.71789
-6.71785
-6.71782
-6.71779
-6.71776
-6.71774
-6.71772
-6.7177
-6.71769
-6.71768
-6.71768
-6.71768
-6.71769
-6.7177
-6.71772
-6.71775
-6.71778
-6.71782
-6.71786
-6.71791
-6.71797
-6.71802
-6.71808
-6.71815
-6.71821
-6.71828
-6.71834
-6.71841
-6.71848
-6.71855
-6.71862
-6.71868
-6.71875
-6.71881
-6.71887
-6.71892
-6.71897
-6.71901
-6.71905
-6.71908
-6.7191
-6.71912
-6.71913
-6.71914
-6.71914
-6.71913
-6.71912
-6.71911
-6.71909
-6.71907
-6.71904
-6.71901
-6.71897
-6.71894
-6.7189
-6.71886
-6.71882
-6.71879
-6.71875
-6.71872
-6.71868
-6.71865
-6.71863
-6.7186
-6.71858
-6.71856
-6.71855
-6.71854
-6.71853
-6.71852
-6.71852
-6.71851
-6.71851
-6.71851
-6.71852
-6.71852
-6.71853
-6.71854
-6.71854
-6.71855
-6.71856
-6.71857
-6.71858
-6.71858
-6.71858
-6.71858
-6.71858
-6.71858
-6.71857
-6.71856
-6.71855
-6.71854
-6.71852
-6.7185
-6.71848
-6.71845
-6.71843
-6.7184
-6.71837
-6.71834
-6.7183
-6.71826
-6.71822
-6.71818
-6.71814
-6.7181
-6.71806
-6.71802
-6.71799
-6.71795
-6.71792
-6.71789
-6.71787
-6.71785
-6.71783
-6.71782
-6.71781
-6.71781
-6.71781
-6.71781
-6.71782
-6.71784
-6.71785
-6.71788
-6.7179
-6.71793
-6.71796
-6.718
-6.71804
-6.71807
-6.71811
-6.71815
-6.71819
-6.71823
-6.71827
-6.7183
-6.71834
-6.71838
-6.71841
-6.71845
-6.71848
-6.71851
-6.71854
-6.71857
-6.7186
-6.71863
-6.71866
-6.71868
-6.7187
-6.71873
-6.71875
-6.71876
-6.71878
-6.7188
-6.71882
-6.71883
-6.71885
-6.71887
-6.71889
-6.71891
-6.71892
-6.71894
-6.71896
-6.71898
-6.71901
-6.71903
-6.71905
-6.71908
-6.7191
-6.71913
-6.71917
-6.7192
-6.71924
-6.71927
-6.71931
-6.71935
-6.7194
-6.71944
-6.71948
-6.71952
-6.71957
-6.71961
-6.71965
-6.71969
-6.71974
-6.71978
-6.71982
-6.71986
-6.71989
-6.71993
-6.71996
-6.72
-6.72003
-6.72006
-6.72008
-6.7201
-6.72012
-6.72014
-6.72015
-6.72017
-6.72018
-6.72019
-6.72019
-6.7202
-6.72021
-6.72021
-6.72022
-6.72022
-6.72022
-6.72022
-6.72022
-6.72022
-6.72021
-6.72021
-6.7202
-6.72019
-6.72018
-6.72017
-6.72016
-6.72015
-6.72014
-6.72013
-6.72012
-6.7201
-6.72008
-6.72007
-6.72005
-6.72003
-6.72001
-6.71998
-6.71996
-6.71994
-6.71991
-6.71989
-6.71987
-6.71984
-6.71982
-6.7198
-6.71977
-6.71975
-6.71973
-6.7197
-6.71968
-6.71966
-6.71964
-6.71962
-6.7196
-6.71958
-6.71956
-6.71954
-6.71953
-6.71951
-6.7195
-6.71949
-6.71948
-6.71947
-6.71945
-6.71944
-6.71943
-6.71942
-6.71941
-6.7194
-6.7194
-6.71939
-6.71938
-6.71937
-6.71937
-6.71936
-6.71936
-6.71936
-6.71935
-6.71935
-6.71935
-6.71934
-6.71934
-6.71934
-6.71933
-6.71933
-6.71932
-6.71932
-6.71931
-6.71931
-6.7193
-6.71929
-6.71928
-6.71926
-6.71925
-6.71923
-6.71921
-6.71919
-6.71917
-6.71914
-6.71912
-6.71909
-6.71906
-6.71903
-6.719
-6.71898
-6.71895
-6.71893
-6.7189
-6.71888
-6.71886
-6.71884
-6.71883
-6.71881
-6.7188
-6.7188
-6.71879
-6.71879
-6.71879
-6.7188
-6.71881
-6.71882
-6.71884
-6.71886
-6.71889
-6.71891
-6.71894
-6.71897
-6.71901
-6.71904
-6.71908
-6.71911
-6.71915
-6.71919
-6.71923
-6.71927
-6.71931
-6.71935
-6.71938
-6.71942
-6.71946
-6.71949
-6.71952
-6.71954
-6.71957
-6.71958
-6.7196
-6.71961
-6.71961
-6.71961
-6.71961
-6.7196
-6.71959
-6.71957
-6.71955
-6.71953
-6.7195
-6.71946
-6.71943
-6.71939
-6.71934
-6.7193
-6.71925
-6.71921
-6.71916
-6.71912
-6.71908
-6.71904
-6.719
-6.71897
-6.71894
-6.71891
-6.71889
-6.71888
-6.71886
-6.71886
-6.71885
-6.71886
-6.71886
-6.71887
-6.71889
-6.71891
-6.71893
-6.71896
-6.71899
-6.71902
-6.71906
-6.7191
-6.71914
-6.71918
-6.71922
-6.71926
-6.7193
-6.71935
-6.71938
-6.71942
-6.71946
-6.7195
-6.71953
-6.71957
-6.7196
-6.71963
-6.71966
-6.71968
-6.7197
-6.71973
-6.71974
-6.71976
-6.71978
-6.71979
-6.7198
-6.71981
-6.71982
-6.71983
-6.71983
-6.71984
-6.71985
-6.71986
-6.71986
-6.71987
-6.71988
-6.71988
-6.71989
-6.71989
-6.7199
-6.7199
-6.71991
-6.71992
-6.71992
-6.71993
-6.71994
-6.71995
-6.71996
-6.71997
-6.71998
-6.71998
-6.71999
-6.71999
-6.71999
-6.71999
-6.71999
-6.71999
-6.71998
-6.71997
-6.71995
-6.71993
-6.71991
-6.71989
-6.71986
-6.71983
-6.71979
-6.71975
-6.7197
-6.71966
-6.71961
-6.71955
-6.7195
-6.71944
-6.71938
-6.71932
-6.71926
-6.71921
-6.71915
-6.7191
-6.71905
-6.719
-6.71896
-6.71892
-6.71888
-6.71885
-6.71883
-6.7188
-6.71879
-6.71878
-6.71877
-6.71877
-6.71878
-6.71879
-6.71881
-6.71884
-6.71886
-6.7189
-6.71893
-6.71897
-6.71901
-6.71905
-6.7191
-6.71914
-6.71919
-6.71924
-6.71929
-6.71934
-6.71939
-6.71944
-6.71949
-6.71954
-6.7196
-6.71965
-6.7197
-6.71974
-6.71979
-6.71983
-6.71987
-6.71991
-6.71995
-6.71998
-6.72001
-6.72004
-6.72007
-6.72009
-6.72011
-6.72013
-6.72014
-6.72015
-6.72015
-6.72016
-6.72016
-6.72016
-6.72015
-6.72015
-6.72014
-6.72013
-6.72012
-6.72011
-6.72011
-6.7201
-6.72009
-6.72008
-6.72007
-6.72006
-6.72006
-6.72005
-6.72004
-6.72003
-6.72002
-6.72002
-6.72001
-6.72
-6.72
-6.71999
-6.71999
-6.71998
-6.71998
-6.71997
-6.71997
-6.71996
-6.71996
-6.71995
-6.71995
-6.71994
-6.71994
-6.71993
-6.71993
-6.71992
-6.71992
-6.71992
-6.71992
-6.71992
-6.71992
-6.71993
-6.71993
-6.71994
-6.71995
-6.71996
-6.71997
-6.71998
-6.72
-6.72002
-6.72005
-6.72007
-6.7201
-6.72013
-6.72017
-6.72021
-6.72025
-6.72029
-6.72033
-6.72037
-6.72042
-6.72047
-6.72051
-6.72056
-6.7206
-6.72065
-6.72069
-6.72074
-6.72078
-6.72082
-6.72086
-6.7209
-6.72093
-6.72097
-6.72099
-6.72102
-6.72104
-6.72105
-6.72106
-6.72106
-6.72106
-6.72106
-6.72105
-6.72103
-6.72101
-6.72099
-6.72096
-6.72093
-6.7209
-6.72086
-6.72082
-6.72077
-6.72072
-6.72067
-6.72062
-6.72056
-6.7205
-6.72045
-6.72039
-6.72034
-6.72028
-6.72023
-6.72017
-6.72012
-6.72007
-6.72002
-6.71997
-6.71993
-6.71988
-6.71984
-6.7198
-6.71976
-6.71973
-6.7197
-6.71967
-6.71964
-6.71961
-6.71959
-6.71957
-6.71955
-6.71953
-6.71951
-6.7195
-6.71948
-6.71947
-6.71945
-6.71944
-6.71943
-6.71942
-6.71941
-6.7194
-6.71939
-6.71939
-6.71938
-6.71938
-6.71937
-6.71937
-6.71936
-6.71936
-6.71936
-6.71935
-6.71935
-6.71935
-6.71935
-6.71935
-6.71935
-6.71936
-6.71936
-6.71937
-6.71938
-6.7194
-6.71942
-6.71944
-6.71946
-6.71948
-6.71951
-6.71954
-6.71958
-6.71961
-6.71966
-6.7197
-6.71975
-6.7198
-6.71986
-6.71992
-6.71998
-6.72004
-6.72011
-6.72018
-6.72024
-6.72031
-6.72038
-6.72045
-6.72052
-6.72058
-6.72065
-6.72071
-6.72077
-6.72083
-6.72089
-6.72095
-6.721
-6.72105
-6.72109
-6.72113
-6.72117
-6.7212
-6.72123
-6.72125
-6.72127
-6.72129
-6.7213
-6.72131
-6.72131
-6.72131
-6.72131
-6.7213
-6.72129
-6.72127
-6.72125
-6.72123
-6.7212
-6.72117
-6.72113
-6.72109
-6.72105
-6.721
-6.72095
-6.7209
-6.72085
-6.7208
-6.72075
-6.72069
-6.72064
-6.72058
-6.72053
-6.72048
-6.72043
-6.72038
-6.72033
-6.72029
-6.72025
-6.72021
-6.72018
-6.72015
-6.72012
-6.7201
-6.72008
-6.72007
-6.72005
-6.72004
-6.72004
-6.72003
-6.72003
-6.72002
-6.72002
-6.72002
-6.72002
-6.72002
-6.72002
-6.72002
-6.72002
-6.72001
-6.72001
-6.72
-6.71999
-6.71998
-6.71997
-6.71995
-6.71994
-6.71991
-6.71989
-6.71987
-6.71984
-6.71981
-6.71979
-6.71976
-6.71973
-6.7197
-6.71968
-6.71965
-6.71963
-6.7196
-6.71958
-6.71955
-6.71953
-6.71951
-6.71949
-6.71948
-6.71947
-6.71946
-6.71945
-6.71944
-6.71944
-6.71944
-6.71944
-6.71944
-6.71945
-6.71946
-6.71947
-6.71948
-6.71949
-6.7195
-6.71952
